   2.0000000e+00   3.6237861e-01   4.0731731e-01   1.4506276e+00   1.3923199e+00   2.0426412e+00   2.1736570e-01
   1.0000000e+00  -8.8970441e-01  -4.3419283e-01   3.5692516e-03   8.6186725e-01  -5.6188276e-01   1.7402841e-02
   2.0000000e+00   8.1874473e-01  -1.6674459e-01   4.7184312e-01  -8.0717778e-01   1.2236444e+00   2.9249395e-01
   2.0000000e+00   4.4609015e-01   1.2205907e+00   2.1974942e+00   6.8863467e-01   7.3138017e-01   2.5719011e-02
   2.0000000e+00  -1.2121582e+00  -6.3714600e-01  -1.7924998e-01   1.5728493e+00  -2.0910793e-01   2.6594622e-01
   2.0000000e+00   1.0765007e+00   1.0949965e+00   9.2829601e-01  -1.4073427e+00  -3.1705045e-01  -5.7947013e-01
   2.0000000e+00   1.0431157e+00  -7.5696665e-01  -4.6156155e-01  -1.1043894e+00   2.0783136e+00   1.3817988e+00
   2.0000000e+00   7.6000003e-01   6.8854666e-01   3.5051884e-01  -7.0980696e-03  -8.0330015e-01   1.5739218e+00
   2.0000000e+00  -6.6631325e-01   1.7509582e-01   2.3064860e-01  -6.5312128e-01   1.5437232e+00  -2.4146622e-01
   2.0000000e+00  -3.0197682e-01  -8.3601279e-01  -1.6645869e-02   7.1663445e-01   1.9519622e-01   8.3288502e-01
   2.0000000e+00   1.1925782e+00   1.1248570e+00  -7.7827044e-01   8.6294844e-01  -2.2974918e+00   1.1016426e+00
   2.0000000e+00  -1.7984080e+00  -1.9573658e+00  -9.3362662e-01  -2.6701200e-01   1.2562650e+00  -5.8243637e-01
   2.0000000e+00   9.8920459e-01   2.0386946e+00   1.3429891e+00   2.1910942e-01  -1.4684310e+00  -7.3931093e-01
   2.0000000e+00  -9.4280212e-01   1.8745681e-01  -2.0361524e-01  -4.2674117e-01  -6.0321897e-01  -9.2083281e-01
   2.0000000e+00   3.4163994e-01   2.0884075e+00  -5.9547493e-01  -7.9568467e-01   9.4141750e-01   7.7438191e-01
   2.0000000e+00  -6.8350474e-01   1.3471861e-01   3.7560611e-01   1.3427535e+00  -1.0656717e+00  -8.3633232e-01
   2.0000000e+00  -2.9142731e-01   1.7139963e-01   2.7463081e-01   2.3150306e+00   1.2879700e-01   1.7623029e-01
   1.0000000e+00   1.6388567e+00   3.6278536e-01  -1.0449297e+00   4.1454899e-01   9.9803602e-01  -1.7681018e+00
   1.0000000e+00  -8.7507345e-01  -1.4074303e-01  -6.2945804e-01   8.5897552e-01  -2.7826873e-01  -9.6411368e-01
   1.0000000e+00  -6.0863349e-01   3.7619321e-01   1.6791111e+00   8.6393189e-02  -5.7922891e-01   6.1086065e-02
   2.0000000e+00   5.1444384e-01  -6.7774463e-01  -1.1216454e+00  -1.0601823e+00  -3.5713478e-01  -6.3468947e-01
   1.0000000e+00   1.9721342e-03  -5.3361166e-01  -2.5042861e+00   5.3015989e-01   1.6127036e+00   1.3024574e+00
   1.0000000e+00   7.0664658e-01   1.7987876e-01   2.4312194e-01   5.3027728e-01  -3.2749546e-01  -1.9519421e-02
   2.0000000e+00  -5.7216332e-01   5.4379469e-01   5.8308749e-01   1.0599651e+00   2.9550795e-01  -6.3057942e-01
   2.0000000e+00  -7.3877885e-01   2.4818107e-01   4.8449278e-01  -2.2018536e-01  -3.9874272e-01  -9.0807614e-01
   2.0000000e+00  -9.9725263e-01   4.1764292e-01   3.6070912e-01   1.8671262e+00  -1.6507728e-01   1.0282010e+00
   1.0000000e+00  -5.2782085e-02  -2.0464822e-01   1.7944198e+00   6.0396305e-01  -8.7989117e-01  -8.0900842e-01
   2.0000000e+00   1.5586345e-01  -5.2174691e-01   1.3917947e+00   1.2620019e+00  -3.0599886e-01   1.7781927e+00
   2.0000000e+00  -2.0068819e+00   8.2259288e-01  -7.4825144e-01  -1.2668685e+00   3.6653315e-01  -1.7356619e-02
   2.0000000e+00   1.8182272e-01  -1.6975817e-01  -3.1715886e-01  -7.8398124e-01  -1.5972074e+00  -1.0567402e+00
   2.0000000e+00   4.9190250e-01   1.1615877e+00  -2.8581565e-01   2.8760651e-01   7.4297835e-01  -7.7617930e-02
   2.0000000e+00   7.6136297e-01   3.6836420e-01   2.0722092e-01  -5.0648820e-01   1.1938488e+00  -1.8943951e-01
   2.0000000e+00   2.6020947e-01  -2.7127747e-01  -1.1532295e+00   1.0582417e+00   8.8651343e-01   1.3696835e+00
   2.0000000e+00  -4.3694995e-01   1.0407724e+00   5.5538429e-01   7.5026159e-01   2.2721142e+00  -5.0850356e-01
   2.0000000e+00   7.8443977e-01  -2.4533457e+00   1.0363158e-01  -6.8827234e-02  -7.0340755e-02   6.6084067e-01
   2.0000000e+00   5.1646167e-01  -1.0920665e+00  -5.5181268e-01   2.2941807e+00   7.2956222e-01   2.9755255e-01
   2.0000000e+00  -6.0237967e-02   1.2951036e+00   5.5094986e-01  -6.6406969e-01  -8.3286498e-01  -1.0852025e+00
   2.0000000e+00   2.7098574e-02  -3.0796229e-01  -6.0652841e-01  -3.7099018e-01   1.3855096e+00   1.1026799e+00
   2.0000000e+00   1.7082667e+00  -8.5989671e-01   7.2291983e-01  -1.1853947e+00   1.0974230e+00   3.7945391e-01
   2.0000000e+00  -3.2971950e-02  -2.8384928e-01  -8.7078192e-01   1.2357300e+00  -9.7147683e-02   1.7975497e-01
   1.0000000e+00  -3.7852843e-01  -2.7660232e-01  -1.7732746e+00   7.1519779e-01  -1.3923468e-01   6.7851313e-01
   2.0000000e+00   3.0590798e+00  -1.1900015e+00  -5.4067564e-01  -1.3714914e+00  -8.3381485e-01   2.8450522e-01
   2.0000000e+00   5.2749311e-01   1.4932083e+00   8.1005416e-01  -2.0600817e-02  -6.3417485e-01   8.4029777e-01
   1.0000000e+00  -5.0801320e-01  -2.3466033e-01   5.2649750e-01   5.7288837e-02  -2.7237741e-01   1.1962096e+00
   2.0000000e+00   2.7879563e-01   8.2791584e-01   6.3849855e-01  -1.1894576e-01   8.2543080e-01  -4.5364374e-01
   2.0000000e+00   6.0062037e-01   3.5664492e-01   7.2245030e-01  -9.1117446e-01  -2.0622969e-01   8.5928657e-01
   2.0000000e+00  -9.9804631e-01  -7.9997017e-01  -2.0705835e+00  -7.9006440e-01   1.8335863e-01   1.0755792e+00
   1.0000000e+00   6.7962165e-01  -8.6757196e-01   2.5688643e+00   1.2739416e-01   3.5089423e-01   2.2364567e-01
   1.0000000e+00  -4.4819828e-01  -5.2349893e-01  -7.9204355e-02   4.9013702e-01  -4.5730619e-01  -1.4551472e+00
   1.0000000e+00  -4.1394373e-01   2.9409704e-01  -6.9848057e-01   3.6671860e-01  -1.2480501e+00  -2.0054989e+00
   2.0000000e+00   8.5594168e-01   7.5629306e-01  -7.3847147e-01   1.2902265e+00  -1.0429285e+00  -1.4702054e+00
   2.0000000e+00   1.5551860e+00  -7.3432818e-02  -1.3911935e+00   1.4727342e+00   5.2695386e-01   5.3050029e-02
   1.0000000e+00   5.4457516e-01  -2.1139963e-01   3.3532671e-01   1.5401036e-01   1.2189804e+00  -2.2121138e+00
   1.0000000e+00  -1.8050720e+00   8.8384391e-01   8.6307827e-01   6.6112032e-02   3.5990030e-03  -7.9588559e-01
   1.0000000e+00   1.2816670e+00   2.2800433e-01  -1.2134896e+00   3.5525698e-01  -4.2395918e-01  -5.2811189e-01
   2.0000000e+00   2.5468109e+00   9.9443524e-01  -1.3798578e+00   4.4480617e-01  -9.9407897e-02   9.6479096e-01
   2.0000000e+00   9.1817503e-01   4.9612129e-01  -4.9442330e-01  -1.0326473e+00   8.8210629e-01   8.2576280e-01
   1.0000000e+00   5.1608641e-01   2.3392130e-01  -2.8089260e-02   2.9326606e-01   1.7679620e+00   1.1007606e+00
   1.0000000e+00  -1.1361108e+00   2.7780443e-02  -2.4482451e+00   2.7230287e-01  -1.2797778e+00  -1.4847115e+00
   2.0000000e+00   9.4439567e-03   1.4179858e+00  -1.0701031e+00  -5.9091428e-01   1.5839040e+00   1.4706599e+00
   2.0000000e+00   2.2112118e+00   5.7663163e-01  -4.1547278e-01  -4.0645412e-01   1.8963616e-01  -5.9841702e-01
   2.0000000e+00   1.4003669e-01  -1.6587195e+00   5.6710831e-01   8.5320938e-02  -2.3105850e+00   1.2510519e-01
   2.0000000e+00   2.0111537e+00  -4.9652408e-01  -2.5505432e-01  -9.2736485e-01   2.7378585e-01  -1.8626031e+00
   1.0000000e+00   1.8708402e-02   4.7389732e-01  -1.3976745e+00   7.3190295e-01   1.3552191e-01   5.9736869e-01
   2.0000000e+00   1.1187640e+00  -1.9423195e+00   4.8309483e-01   3.9567139e-01   7.1817007e-02  -7.0215737e-03
   2.0000000e+00   5.7935637e-02  -1.8128608e+00   1.6224258e-01  -4.3438966e-01   5.7418945e-01   3.1609278e-01
   2.0000000e+00   2.1057525e+00   5.1909592e-02   8.5741782e-01  -9.3018122e-01   2.1206566e+00  -1.8098989e+00
   2.0000000e+00   7.6749741e-01   1.5867840e+00   1.1008503e+00  -4.1029983e-01   2.4866090e-01  -4.7978624e-01
   2.0000000e+00  -1.4405305e-01  -4.9327794e-01   6.1258714e-02  -1.3193179e-01  -4.5804572e-01   1.3476548e+00
   2.0000000e+00   1.5239866e+00   6.3588703e-02  -1.8495269e-01   2.0944039e+00   1.0116791e-02  -4.3930040e-02
   2.0000000e+00   6.2001114e-01  -3.8358038e-01   6.4799048e-01  -1.2926592e+00   1.0603797e+00   9.4453406e-01
   2.0000000e+00   3.1559103e-01   1.3509783e+00  -1.5109990e+00  -1.6753285e+00  -1.2834994e+00   8.8888106e-01
   2.0000000e+00  -7.9733665e-01   1.3612811e+00   1.3116240e+00   1.3006780e+00  -8.4370237e-01   6.4794572e-01
   2.0000000e+00   1.7234992e+00   8.1036636e-01   1.0160498e+00   1.7334480e+00  -5.0372185e-01   1.2388541e+00
   2.0000000e+00  -5.1627586e-01   1.3994068e+00  -1.6090338e+00  -6.1243795e-01   1.3700754e+00  -1.4559959e+00
   2.0000000e+00  -6.4098041e-01  -9.0636739e-01  -1.4138476e+00   4.6398652e-01  -2.1477209e-01   8.1423201e-01
   2.0000000e+00   7.6821022e-01   7.6408161e-01  -2.8274308e-01   1.3098656e+00  -1.6608772e-01  -8.9558736e-01
   1.0000000e+00   6.6431068e-01   1.2201291e-01   1.8752190e-01   5.0736788e-01  -6.9464731e-01   1.2194777e+00
   2.0000000e+00   7.5574719e-01   1.2612742e+00  -1.5610343e-01   1.2435967e-01   1.8354493e+00  -1.0768064e+00
   1.0000000e+00   1.6730226e+00   5.0754856e-01  -1.1412716e+00   3.0603885e-01  -1.6076173e+00   4.8517458e-01
   2.0000000e+00  -1.0031971e+00  -2.5387548e+00  -1.2120074e+00  -1.5447555e-02  -6.7738235e-01  -7.1807575e-01
   2.0000000e+00   1.3828598e-01   1.7957493e+00   1.5484150e+00  -2.0858362e-01   1.1813622e-01  -1.5643087e-01
   2.0000000e+00  -1.4440504e+00   1.1177121e+00   1.7564499e-01   2.7216091e-01   2.7006135e-01   4.9605565e-02
   2.0000000e+00  -2.3999461e-01   1.1142869e+00   3.3463551e-01   1.2444625e-01  -1.2565415e+00  -6.3185515e-02
   2.0000000e+00   1.2329399e+00  -2.6432061e-01   1.3055921e+00  -4.7737971e-01   1.6787047e+00   3.3872018e-01
   2.0000000e+00  -5.1172771e-01   9.4316990e-01   6.3206691e-01   9.4721583e-01   1.1929205e+00   1.8680901e-01
   2.0000000e+00  -7.1291638e-01  -3.6565626e-01   8.7482886e-01  -1.9618058e-01  -1.4565520e-01  -1.4060851e+00
   2.0000000e+00   5.0611482e-01   9.9386206e-01   3.0165873e-01   8.6632305e-01  -7.4565974e-01  -4.5956105e-01
   2.0000000e+00  -1.4774060e+00   1.9519424e-01   3.9945717e-01   1.0061377e+00   6.7899378e-02   1.4721558e+00
   2.0000000e+00  -4.9907072e-01   9.0560235e-01   1.5612337e+00  -1.4448051e+00   5.5806103e-01  -8.9969748e-01
   2.0000000e+00   1.2674145e+00  -2.3610354e-01  -7.4360994e-01  -6.5032274e-01  -1.2820145e+00  -4.1408932e-01
   2.0000000e+00  -7.1318944e-01  -4.7774994e-01   1.5158037e+00  -6.4166496e-01   1.4468727e-01   1.0049548e+00
   2.0000000e+00  -1.4892512e+00  -5.8786226e-01   2.4323379e-01   9.1982773e-01  -2.9025499e-01  -9.7893067e-02
   2.0000000e+00  -3.4633848e-01  -1.2738491e+00  -2.1226614e-01   1.5037690e+00  -3.8931016e-01  -1.7218487e+00
   2.0000000e+00  -6.8364193e-01   7.7604349e-01   6.8700710e-01  -1.0502625e+00   1.0650716e+00  -1.6697966e-01
   1.0000000e+00   6.1539650e-01  -4.5445178e-01   4.3106701e-01   6.0454975e-01  -1.1137194e+00   7.0938104e-01
   2.0000000e+00   1.0410912e+00   2.4414458e+00  -8.7250569e-01   6.9670092e-01   2.1101081e+00  -1.6705625e+00
   2.0000000e+00  -4.1146654e-01  -3.7822769e-01   6.5267486e-01   2.6101497e+00   1.3257466e+00  -6.8087904e-01
   2.0000000e+00   2.5302145e+00   7.8073362e-01   5.1282274e-01   2.5685891e-01  -9.5539825e-02  -5.0532083e-01
   1.0000000e+00  -1.3602957e+00   3.7981977e-01   1.1804179e+00   6.0266709e-02   4.5247681e-01  -7.2265511e-01
   2.0000000e+00   1.2698507e+00   1.5061796e+00   1.7661787e+00  -3.9749510e-01   1.6777435e-01  -1.8193782e+00
   2.0000000e+00   1.0698992e+00  -5.8789504e-02  -4.6886504e-01   1.7750461e+00  -5.0717909e-01   2.0257907e+00
   2.0000000e+00   1.6714398e+00   1.9942682e+00  -4.0457069e-01  -1.5209855e+00  -7.8392150e-01   9.3206187e-01
   1.0000000e+00  -4.1899096e-01  -1.2495636e-01  -1.7529897e-01   5.9507270e-01  -9.1357409e-01  -2.1481829e+00
   1.0000000e+00  -1.1594598e+00   3.8285137e-01   6.5750164e-01   7.5091181e-01  -2.0431880e+00  -3.3936538e-01
   1.0000000e+00   1.3064707e+00   1.1892016e-01  -5.5106020e-01   3.4779915e-01   1.3681298e-01  -3.9827549e-01
   2.0000000e+00  -6.0091710e-01  -9.0371398e-01  -3.3859209e-01  -8.2404449e-01  -1.8111276e+00  -4.9765536e-01
   1.0000000e+00  -8.7511940e-01  -7.0306871e-01   4.0664836e-01   3.3746409e-01  -4.8110326e-01  -8.1952720e-03
   2.0000000e+00  -4.6002141e-01  -6.4913993e-01   4.7392064e-01  -1.8905076e-02  -1.4705468e+00   3.8443202e-01
   2.0000000e+00   2.1561471e-01   8.5548016e-01  -1.3572926e+00  -4.8916559e-01   1.6994565e+00   2.1271946e+00
   2.0000000e+00  -1.9209478e+00   1.1032870e+00  -3.2905727e-01   8.8174213e-01  -1.2098172e+00   5.6393013e-01
   2.0000000e+00   2.1264654e+00   2.1160191e-02  -5.9186257e-01   4.1157123e-02  -2.0979807e-01  -1.0046738e+00
   2.0000000e+00  -4.7135257e-02   1.5440798e+00   2.6526365e-01  -5.3560437e-01  -5.0708763e-01   2.2206465e-01
   2.0000000e+00   1.0063138e+00  -3.2003949e-02  -1.5184612e+00  -2.3267420e-01  -1.3542469e-01   6.0122360e-01
   2.0000000e+00  -1.1975279e+00  -1.5290919e+00   2.2343807e+00  -1.7686541e-01   2.3464893e+00  -1.3884994e+00
   2.0000000e+00  -2.2559075e+00  -7.6818009e-01   3.6174892e-01  -1.5935470e+00   5.2959624e-01  -1.4755015e+00
   1.0000000e+00  -1.3942737e-01  -1.1263675e-01   5.1481588e-01   7.3946818e-01  -4.0153687e-01  -1.7563034e-01
   2.0000000e+00  -8.1411510e-01   1.8351280e+00  -6.6585302e-01   5.4837905e-01   1.3682268e+00  -2.7170497e-01
   2.0000000e+00  -1.1274434e+00   5.3619913e-01   5.6908312e-02   1.4656935e+00  -7.9633895e-01   8.4071300e-01
   1.0000000e+00   1.8438176e-01  -3.6023721e-01   5.3812873e-01   2.8164535e-01  -4.6608931e-01   1.3796164e-01
   2.0000000e+00  -8.2972546e-01   8.9058281e-01  -1.4870180e+00   1.3566096e+00  -1.2886364e+00  -1.4435156e+00
   2.0000000e+00   8.2170913e-01  -3.8788506e-01  -1.1052443e+00  -7.6675255e-01  -1.0127309e+00   1.2658695e-01
   2.0000000e+00   1.9164046e+00  -1.7501756e+00  -3.6525267e-03   7.1886853e-01   1.1535505e+00   9.6240483e-01
   2.0000000e+00  -3.7136695e-01   5.1424743e-01  -1.9576312e+00  -6.4867970e-01  -7.8716736e-01   1.5067901e-01
   2.0000000e+00  -5.6479395e-01   1.5522735e+00  -2.0379703e-01  -1.9586106e+00   1.7413035e-01  -1.0181406e+00
   1.0000000e+00   8.6896612e-01   1.0947230e-01   1.4773717e+00   2.2249859e-01  -9.6627819e-01  -6.1029897e-01
   1.0000000e+00   1.5284886e+00   2.4187106e-01   6.1190345e-01   5.4341612e-01   2.8392929e-01   5.6906014e-01
   1.0000000e+00  -1.9497603e+00  -7.3843490e-01   9.6241643e-01   2.1858412e-01  -1.2125738e-01  -7.1751962e-01
   2.0000000e+00  -1.4974969e+00   7.9459054e-01   1.2672167e+00  -1.7400788e+00   2.0077828e-01   1.2756861e+00
   2.0000000e+00  -5.4467598e-01  -1.3302586e-01  -9.4328601e-02  -1.8387978e+00   2.5323914e+00   1.2060477e+00
   2.0000000e+00   1.4290397e+00  -2.8525125e-01   4.1497123e-01  -8.5463539e-02  -1.2883656e-02  -5.1311170e-03
   2.0000000e+00   7.7745026e-01   7.7687387e-01  -2.0077859e+00   8.0474043e-01  -1.0469577e+00  -2.9798137e-01
   2.0000000e+00   5.2678675e-01   4.8456907e-01  -1.0118536e-01  -2.4562388e-01  -3.7329968e-01  -2.2287863e+00
   2.0000000e+00   5.8566203e-02  -1.1845053e+00   2.0481585e+00  -6.4636251e-01  -1.3724644e+00   3.9856159e-01
   2.0000000e+00  -9.0018298e-01   1.6476167e+00   2.1746481e-01   2.4477284e+00  -2.5904629e+00   2.7333181e-01
   1.0000000e+00  -1.1530626e+00  -2.8285041e-02   5.9561971e-01   1.3131156e-01  -8.0037795e-01   5.7710464e-01
   2.0000000e+00  -1.2820362e+00   5.8874860e-01  -6.4494578e-01  -1.4952708e+00  -5.9746337e-01   9.7104876e-01
   2.0000000e+00   5.2903128e-01   1.8194301e-01   1.0383544e+00  -9.4291965e-01   1.6124728e+00   1.4389680e+00
   2.0000000e+00   1.4807478e+00   7.2410125e-01   1.5934129e+00  -1.2903082e+00   1.1769894e+00   9.0097954e-01
   1.0000000e+00   1.3950072e+00   5.1122872e-01   3.4945528e+00   3.7694802e-01  -1.4164197e-01   7.8155790e-01
   2.0000000e+00  -1.1600786e+00   1.1714093e+00  -9.2039718e-01   8.5130079e-01   1.0076654e+00   1.4745878e+00
   2.0000000e+00  -1.6877215e+00   3.3582610e+00  -1.8790006e-01   5.3270719e-01   1.8691593e+00  -9.5007417e-01
   2.0000000e+00  -2.3639398e+00  -7.2724259e-01  -2.1184249e-01  -6.1115180e-01   7.2470136e-02   1.4085140e+00
   2.0000000e+00   1.7564178e-01   1.6445147e+00   1.2461951e-01   3.4539573e-01   5.9484550e-02   6.3797976e-01
   2.0000000e+00   5.4982676e-01  -1.1113945e-02   2.1751993e-01  -2.8342331e-01  -5.0290449e-01   2.5221304e-01
   2.0000000e+00   7.2016210e-01   5.6358338e-01  -8.0784483e-01  -8.3740643e-01   7.6019611e-01  -2.2989119e-01
   2.0000000e+00  -1.5361628e+00   1.3415550e+00   6.5223573e-01   3.0479776e-01   2.6979311e+00  -3.0588128e+00
   2.0000000e+00   7.1344638e-01   6.5162596e-01  -4.3261009e-01  -9.7093541e-01  -1.9270083e-01   1.2556502e+00
   2.0000000e+00   7.5922095e-01  -1.1729225e+00   1.5315612e-01   3.5649362e-01  -3.2444758e-01  -6.7511737e-02
   1.0000000e+00   1.2169760e-01   5.8023822e-01   5.1956253e-02   9.5402027e-02  -4.7252411e-01   8.4107778e-01
   2.0000000e+00  -1.3133617e-01  -3.9705157e-01  -1.9723392e-01  -1.9612961e+00   4.0090501e-01   6.8996596e-01
   2.0000000e+00  -1.0782112e+00   1.1945119e+00  -1.3272581e+00  -1.9149381e-02  -9.1118328e-02  -5.2992076e-01
   2.0000000e+00  -1.7222548e+00  -7.4828154e-01  -7.1494428e-01  -7.8810414e-01  -5.3380180e-01  -2.7623002e-01
   2.0000000e+00  -5.6242091e-01  -8.8013152e-01   7.3821738e-01  -8.5777538e-01   5.1508512e-01   1.4833777e+00
   2.0000000e+00  -2.2729227e-01  -2.3909492e+00  -3.2064962e-01  -9.7499174e-01  -3.0875039e-02   5.1791912e-02
   2.0000000e+00  -8.0594539e-01  -2.3247803e+00   5.2379675e-01  -7.7343643e-01   2.1349749e+00   1.3890340e+00
   2.0000000e+00  -8.8497508e-01  -8.0094888e-01   1.4699478e+00  -4.0716563e-01  -1.0228786e+00   6.6420516e-01
   2.0000000e+00  -8.3023405e-01   4.4232161e-01   1.1848775e+00  -4.0764135e-01   1.3713415e+00   2.7200983e-02
   2.0000000e+00   1.5310640e+00   1.1660668e+00   1.5147091e+00   8.5847006e-01   4.5961470e-01   3.8428132e-01
   2.0000000e+00   8.0327271e-01  -5.9068055e-01   6.5261348e-01   1.0866893e+00   7.9199866e-01  -2.0689270e-01
   2.0000000e+00  -3.8281974e-01   2.3388384e+00   6.2031186e-01  -3.1622233e-01  -6.9372521e-01  -3.2039016e-01
   2.0000000e+00  -2.0607071e+00   4.8695561e-01  -1.4694206e+00   1.1618277e+00   4.4155671e-01   2.2196313e-01
   2.0000000e+00  -2.6905776e-01   2.0653609e+00  -9.0842927e-02   1.2558281e+00  -1.8216555e-02  -1.5488077e-02
   2.0000000e+00  -1.5949841e+00   2.7426684e-01   8.3001353e-01   1.7545874e+00   4.9623937e-01   8.2343626e-01
   2.0000000e+00  -2.4290649e+00  -4.7606870e-01  -5.3633502e-01   1.2398648e+00   4.6494346e-01  -1.4455722e-01
   2.0000000e+00  -7.8022799e-01  -4.6011439e-01  -2.3229631e-01  -9.5432998e-01   1.2131939e-01   1.2737330e+00
   2.0000000e+00  -1.6921993e-01   7.7648585e-01  -6.5003221e-01  -1.4962789e+00  -4.3500457e-01  -6.8022571e-01
   1.0000000e+00   1.7727396e-01  -7.7929627e-01  -1.0569701e-01   4.0167015e-01   1.2415949e-01   6.0346054e-01
   2.0000000e+00   7.9394941e-02   8.7983256e-01  -5.5371273e-03  -2.9421870e-02  -2.2206545e+00  -1.6020060e+00
   2.0000000e+00   1.4328820e+00  -2.5242495e+00   5.3510060e-01  -5.1102922e-01   1.8289935e+00  -9.3705486e-01
   1.0000000e+00   5.6029241e-01   6.0174390e-01   6.3338820e-01   2.6904501e-01   8.7940960e-02  -3.7919387e-01
   1.0000000e+00   2.2904199e-01  -9.5849080e-01  -1.8951576e+00   1.6632824e-01   2.6459662e-01  -3.7449030e-01
   2.0000000e+00  -4.9242149e-01  -1.3301565e+00   5.8972037e-01   5.9111666e-02   2.7778197e+00   4.7459306e-01
   2.0000000e+00   1.7255362e-01  -1.3588670e+00  -1.8301461e-01  -4.2076006e-01   4.6812316e-01  -2.5454575e-01
   2.0000000e+00  -2.8418280e-01  -5.0567305e-01   9.0384930e-01  -2.0896592e-01  -9.2760952e-01  -1.2423854e+00
   2.0000000e+00  -3.5813389e-01   5.9261739e-01  -8.2253685e-01  -1.3855500e-01   7.4018417e-01   9.5024713e-01
   2.0000000e+00   4.2732705e-01   1.6454932e+00   7.2266222e-01   5.7945600e-01  -2.2893628e-02   8.5934559e-01
   2.0000000e+00   8.8728935e-01  -2.6975462e+00  -4.8105569e-01   2.4992442e+00   6.8996933e-01  -1.4547930e+00
   1.0000000e+00  -1.8471707e-01  -4.5018675e-01  -1.3613479e+00   5.3631894e-01  -7.4118731e-01  -1.2429921e+00
   2.0000000e+00  -6.1051265e-01   6.8757382e-01  -1.2067244e+00   7.2740639e-01   6.7154638e-01  -6.3125768e-01
   2.0000000e+00  -5.0493858e-01  -2.9562349e-01   8.1886314e-01  -1.2525794e+00  -2.2581454e+00   3.5127373e-01
   2.0000000e+00  -5.8888675e-01   7.0090953e-01   8.4602048e-01   1.0590186e+00  -1.2040254e+00   3.8125952e-01
   2.0000000e+00   1.5022916e+00   7.9881128e-01   3.4528171e-01  -1.9946390e+00   2.3055998e+00  -6.8687668e-01
   1.0000000e+00   5.7777570e-01  -1.6387161e-02  -8.3855893e-01   9.2012322e-01  -3.5461622e-01  -1.1261352e+00
   2.0000000e+00   9.8762008e-01   9.5159033e-01  -3.7095399e-01   9.1759512e-01   4.7029254e-01   8.2568473e-01
   2.0000000e+00   8.0118706e-01  -1.0683013e+00   3.4883211e-01  -2.6890989e-01   8.4760739e-01  -7.4744995e-01
   2.0000000e+00   8.5631922e-01  -1.7036567e-02   5.7099672e-02  -1.8912212e-01   2.2244929e-01  -1.3625964e+00
   2.0000000e+00   2.7362314e-01   2.7259787e-01   5.3594409e-01  -2.2642539e-01  -1.0040384e+00  -4.9640692e-01
   1.0000000e+00  -6.6346751e-01   4.8339412e-01   9.8554435e-01   3.7678562e-01   7.2805799e-01   1.1474528e-01
   1.0000000e+00   1.7216952e-01  -5.9612784e-01   4.3436836e-01   7.3346031e-01  -9.5174260e-01  -4.8394746e-01
   2.0000000e+00   1.3221248e-01   7.1175847e-01   9.5888113e-01  -1.5229970e+00   8.7711026e-01  -2.2089939e-02
   2.0000000e+00   1.3998560e-01   1.7531501e-01  -7.5861255e-01   1.5752624e+00   7.9566415e-01   7.5010505e-01
   2.0000000e+00   4.4682517e-01   1.1247658e-01   1.0354353e-01  -3.6092200e-01  -7.2705607e-01  -3.8959092e-01
   2.0000000e+00   9.5308319e-01   2.0666973e+00   1.2271150e+00   1.8451306e+00   1.2114547e+00   7.9640594e-01
   2.0000000e+00  -6.5983370e-01   1.0436031e+00  -8.2249970e-02  -1.6211658e+00  -1.9398990e-01   1.4332306e-01
   2.0000000e+00  -5.9163434e-01  -3.5175384e-01  -1.5598638e-01   1.0069330e+00   8.1546010e-01   1.8010231e-01
   2.0000000e+00  -5.7259482e-01   1.6475805e+00   4.5999183e-01   1.9614767e-01  -9.0227495e-01  -1.3756731e+00
   2.0000000e+00   1.1056164e+00  -5.7266361e-01  -1.5410147e+00   1.9062965e+00   1.6448042e+00   7.9495237e-01
   2.0000000e+00  -2.7323535e-01  -7.3050552e-01  -8.8598142e-02  -5.4845539e-01   2.2321448e-01  -1.6138845e+00
   2.0000000e+00   8.6763111e-01  -1.4764728e+00  -1.7983924e-01  -2.3623875e+00   1.2691127e+00   3.4520830e-01
   1.0000000e+00  -3.9945098e-01  -7.0797546e-01   1.3870318e-01   5.8292480e-01  -1.1018287e+00  -3.7105784e-01
   2.0000000e+00  -1.6103413e-01   1.9742496e-02  -7.9445898e-01  -1.4059959e+00   1.1908573e+00   4.7105240e-01
   2.0000000e+00   1.6032986e+00   1.1736108e+00  -1.1605832e+00  -2.4065669e-01   9.6957591e-01  -4.2332269e-01
   1.0000000e+00  -1.6074192e+00   2.0335911e-01   1.4589273e+00   1.9562207e-01   1.0240969e+00   1.8343715e-02
   2.0000000e+00  -9.4569708e-01  -4.5766008e-01  -1.1816604e+00  -1.3066754e+00   8.6602971e-01  -1.0124579e-01
   2.0000000e+00  -1.1017438e+00   7.5228536e-01   1.9258780e+00   1.3047492e+00   1.2923122e+00  -9.6823989e-01
   2.0000000e+00  -4.0745189e-01   6.8297170e-01  -8.0463521e-01   2.3960891e+00  -1.4935577e-01   1.2722618e+00
   2.0000000e+00  -1.5226953e-01  -8.2149089e-01  -9.2740662e-02   1.6932714e+00   4.1253813e-01   7.4698921e-01
   1.0000000e+00  -1.0015607e+00  -8.2228775e-01  -9.2287179e-01   5.6398961e-01  -5.9335460e-01   1.8080086e+00
   2.0000000e+00   2.9993254e-02   9.4527021e-01   8.5904580e-01   1.6161081e+00  -8.0861729e-01  -4.8997938e-01
   1.0000000e+00   8.6901982e-01   6.5018883e-01  -2.1322751e+00   7.2796480e-01   3.9235913e-01  -7.7008904e-01
   2.0000000e+00  -1.0855245e+00  -2.2664784e-01   7.3409182e-01  -1.0395933e+00   7.9711903e-01   1.0875540e+00
   2.0000000e+00  -4.3715795e-01  -7.6589401e-01  -2.4570233e-01   1.2082272e+00   1.7434790e+00  -1.9431926e+00
   2.0000000e+00  -1.7159548e+00   9.8664419e-01  -1.0640136e+00  -4.7723537e-01   7.7938909e-01   1.2823983e+00
   2.0000000e+00   2.2625198e-01  -8.6158319e-01  -2.1133645e-01  -7.7840680e-01   3.6409635e-01  -6.5593785e-01
   2.0000000e+00   2.4926712e+00   1.4280074e+00   5.3240862e-01   4.6732547e-01  -4.1736673e-01  -1.1783940e+00
   2.0000000e+00  -7.4395962e-01   5.5215770e-01   3.0606620e-01  -9.6635814e-01  -9.4302604e-03  -1.7719857e+00
   2.0000000e+00  -1.6801102e+00  -1.3059796e+00  -1.1789967e+00  -2.6937398e-01  -1.1210248e+00   1.4002685e-02
   2.0000000e+00   9.6427647e-02  -1.8432761e+00  -9.0204385e-01  -1.6401273e+00  -2.3231484e-01  -1.0676265e+00
   2.0000000e+00  -1.5208715e+00  -1.6802494e+00   4.2425804e-01   1.3725188e+00   2.9812501e-01  -1.0066799e+00
   1.0000000e+00   8.9241628e-01  -8.1540288e-01  -1.2206621e+00   4.6214171e-01   1.7214186e+00   2.2888856e-01
   2.0000000e+00   6.4809885e-01   1.1157674e+00   1.5958376e+00   7.4466351e-01   1.1190315e+00  -1.3903507e+00
   2.0000000e+00   1.1534598e+00   1.8517960e+00  -1.3830457e+00   2.5370872e-01  -6.5384873e-01   7.9491593e-01
   2.0000000e+00  -7.3402682e-01   8.9994666e-01  -1.9625593e+00   4.3692680e-01  -1.0213109e+00   1.6098607e+00
   2.0000000e+00   1.2659099e+00   9.8251883e-01  -1.6032389e+00   3.1332306e-01   5.7602046e-01   1.3189861e+00
   2.0000000e+00  -1.3978152e+00   4.7964559e-01   6.8985901e-01  -1.5980753e+00   1.8352066e-01  -5.3130111e-01
   2.0000000e+00  -3.6796428e-01   2.3635685e-02   7.7085659e-02   1.2606509e+00   4.1995516e-01   2.0305944e+00
   2.0000000e+00  -1.3094497e+00  -8.7995418e-01  -1.1511249e-01  -1.4093596e+00   7.9820038e-01   5.0398364e-01
   1.0000000e+00   1.2561201e+00   1.0432782e-01   1.7937848e+00   9.8163392e-01  -5.4683743e-01   6.8022265e-01
   2.0000000e+00  -1.2634641e+00  -6.7655139e-01  -5.8520872e-01   9.9455162e-01   1.3652128e-01  -1.3617695e-01
   2.0000000e+00   1.5553320e+00  -5.1784610e-01  -8.8325383e-01  -1.3723912e+00   1.5652934e-01   6.3290701e-01
   2.0000000e+00  -1.3272495e+00  -1.8938114e+00  -1.4545742e+00   6.0145739e-01   7.9686512e-01   1.6898368e+00
   2.0000000e+00  -9.0102597e-01   1.2190161e+00  -7.8038753e-02   2.8386723e-01   7.8941277e-01   4.1649515e-01
   2.0000000e+00   3.0045389e-02   1.2913065e+00   2.9997280e-01  -3.3836316e-01  -1.4247479e-01   9.9273984e-01
   2.0000000e+00  -8.5810287e-02  -9.2479165e-01   1.7634542e-01  -5.9612642e-01   7.0852991e-02   5.3035864e-01
   1.0000000e+00   2.5905506e-01  -4.9262350e-01  -4.1447108e-01   5.7554258e-01   3.0956752e-01  -1.2668302e+00
   2.0000000e+00   1.5800913e-01  -1.3301343e+00   2.0053139e-02   7.0467624e-01   9.6713289e-01   8.1360224e-01
   2.0000000e+00  -4.3450608e-01   1.5366508e+00  -9.7214934e-01  -8.8833840e-01  -1.9181628e+00   1.7904862e+00
   1.0000000e+00   1.2955022e+00   3.3727615e-01   1.3357911e+00   3.7434766e-01   8.1103720e-01  -4.5787074e-01
   2.0000000e+00   6.9141818e-01   1.2916016e-01  -5.8966794e-01  -1.3536820e+00  -7.5553316e-01   1.0878892e+00
   2.0000000e+00   7.5319597e-01  -1.1049912e+00   3.1449929e-01   7.2677921e-01  -8.1222534e-01   5.0770027e-01
   2.0000000e+00  -1.3059084e+00   3.2738436e-01  -4.5969757e-02  -2.5852063e-01   1.8371449e-01  -1.9379548e-01
   2.0000000e+00   1.3852273e+00  -2.2825361e-01   1.0672062e+00   1.7233018e+00   1.5173816e+00  -1.8374241e-02
   2.0000000e+00  -2.4261209e+00  -1.5476289e+00   1.6621819e+00  -8.1747953e-01   6.6018457e-01  -4.8462209e-01
   2.0000000e+00   1.5281296e+00   1.1852737e-01  -3.2986402e-01  -3.6257142e-02   1.5655270e-01  -9.4702108e-01
   1.0000000e+00  -1.1531055e+00   5.1481235e-02   7.2230179e-01   2.4838407e-01  -5.0601148e-01  -1.7318354e-01
   2.0000000e+00  -9.3544741e-01  -1.2582430e+00  -1.2708271e+00  -1.9525592e-01  -3.4503188e-01   3.9349229e-01
   1.0000000e+00  -1.6394700e+00   6.9059741e-01  -5.8086462e-01   4.4812647e-01   1.2119971e+00  -3.2136251e-01
   2.0000000e+00   2.9405838e-01   4.7575689e-01   5.2763655e-01  -1.9381358e+00   2.8196333e-01   1.4540456e+00
   2.0000000e+00   2.4619675e+00  -1.6431453e+00  -2.0132529e-01   1.3309364e+00   6.6602557e-01  -5.0466172e-01
   2.0000000e+00  -1.1122863e+00  -7.6875940e-01   2.8275956e-01  -1.9279531e+00  -5.5329390e-01   2.3042440e+00
   1.0000000e+00  -2.7713663e-01  -6.2696036e-01  -3.8253807e-01   3.3653329e-01  -1.3510268e-01  -6.7674741e-01
   1.0000000e+00   1.1961430e+00  -8.7927446e-01  -1.4260108e+00   4.4435798e-01   5.0984090e-01   2.4174682e+00
   2.0000000e+00  -1.0280650e+00  -3.7724262e-01  -2.6556566e+00  -1.0067884e+00   1.7758537e+00   9.3125086e-01
   2.0000000e+00  -6.4384725e-01  -5.3462686e-01   9.9451470e-01  -1.0884804e+00  -1.0759521e+00  -7.5307192e-01
   2.0000000e+00  -3.0922814e-02   5.9173829e-01  -1.6699856e-01  -2.9503181e-01  -1.2305446e+00   1.7658456e+00
   2.0000000e+00   2.6779812e-01   2.3199329e-02  -6.8792988e-01  -1.9276423e+00  -1.4043753e+00   1.2677900e+00
   2.0000000e+00  -1.0369864e-01  -1.2347651e-01   6.1081641e-01  -1.5490275e+00  -1.5444903e+00  -2.0055097e-01
   1.0000000e+00   5.6241541e-02  -3.0835651e-02  -1.4712299e+00   2.6504022e-02   5.7721772e-01  -6.3715917e-01
   2.0000000e+00  -6.7489472e-02  -4.0882729e-01   4.1213088e-01  -9.8810669e-01  -4.2149700e-01  -1.6520115e-01
   2.0000000e+00   3.2613268e-02  -3.0783412e-01   1.4030798e+00  -8.6957570e-02  -7.9557935e-02  -6.8318502e-01
   2.0000000e+00  -6.9048436e-01   2.7054253e-01   5.9623169e-03  -4.7017406e-01   6.8419425e-01  -3.8752093e-01
   2.0000000e+00  -1.8730513e-01   5.5588691e-01   4.4629181e-01  -5.9472651e-01  -1.8642930e+00  -4.4941177e-01
   2.0000000e+00   6.0440781e-01   7.5508249e-01  -5.9702596e-01  -8.0730270e-01   5.3734205e-01  -3.8958418e-01
   2.0000000e+00   1.4858066e+00  -2.4623515e+00  -1.2952591e+00   9.9978062e-01  -1.4193268e+00   7.2159879e-01
   2.0000000e+00   1.3204164e+00  -2.2684535e+00  -1.7112746e+00   1.1489897e+00  -2.4148050e+00  -1.4133438e+00
   2.0000000e+00  -3.5384189e-02  -7.5603008e-01   1.2686089e+00   9.7495583e-01  -3.8135656e-01  -6.4221827e-01
   2.0000000e+00  -3.6910655e-01   1.4337641e+00  -3.3874111e-01   1.0319822e+00   3.0024630e-02  -1.2190346e-01
   1.0000000e+00  -1.1174655e+00   3.7583444e-01   8.4063726e-01   4.4370379e-01  -1.8384896e-01   9.5244627e-01
   2.0000000e+00   1.5905066e+00  -2.2479187e+00   4.4289617e-01  -6.1265724e-01  -1.4269802e+00  -7.5551572e-01
   2.0000000e+00  -1.0478722e+00   9.5593896e-02   1.4265770e-01  -2.9679881e-01  -5.9644427e-01  -5.6916342e-01
   2.0000000e+00   9.8742344e-01  -1.9545780e+00   3.4950758e-02  -9.6277132e-01  -1.6385304e-01  -2.0235305e-01
   2.0000000e+00   1.0082941e+00   7.0694747e-01   1.4405975e-01  -3.2249390e-01   2.2799495e-01  -2.5121788e-01
   2.0000000e+00  -8.4032450e-03  -6.0235837e-01   1.3900429e+00  -1.7700970e+00  -6.9681655e-02  -1.7337647e-01
   2.0000000e+00   2.6182687e-02  -5.1494164e-01  -4.3989950e-01   2.2350694e+00  -1.1602865e+00   3.4098712e-01
   1.0000000e+00  -4.4687096e-01  -7.8674346e-01   8.8602386e-01   2.0339081e-01  -3.9389683e-01   2.7052088e+00
   2.0000000e+00   6.0305098e-01  -2.3093481e-01   1.0867735e-01  -1.4358923e+00  -2.9888371e-01   1.1813545e+00
   2.0000000e+00  -6.0655152e-01   2.7272178e-02   1.1456009e-01  -1.2109712e+00  -2.1734917e-01   1.0007426e+00
   2.0000000e+00   2.5896672e-01   2.4129405e-01   1.7568247e-01  -8.3361852e-01   1.2297569e+00  -4.3127768e-02
   1.0000000e+00  -7.2521015e-01  -2.0589228e-01   9.8647060e-03   6.1116112e-01   2.7126290e+00   6.1069274e-01
   2.0000000e+00  -2.2999712e-01  -1.4414268e+00   2.8755784e+00   8.2421611e-02   1.5644962e+00   1.4219344e+00
   2.0000000e+00  -1.9677028e+00  -8.8279268e-01   6.5474330e-02  -2.1183933e-01   1.1116429e+00  -8.5893125e-01
   2.0000000e+00  -4.4310880e-01  -5.2512089e-01   2.2914169e+00   2.4570991e+00   1.4269235e+00   4.6180172e-01
   2.0000000e+00   2.4155828e-01   1.2459646e+00   2.8013938e-01  -1.4499204e+00  -6.5548549e-01   1.2615542e+00
   2.0000000e+00   1.2691620e-01  -8.5750083e-02  -3.5178606e-01  -2.4202518e+00   7.7865704e-01   6.0653689e-01
   2.0000000e+00   1.1303609e-01   1.1839462e+00   7.7353741e-01   2.0442590e-02   1.0824482e+00   1.1029994e+00
   2.0000000e+00  -1.0691976e+00  -8.3998795e-01  -1.4290918e+00   6.6317230e-01  -1.9052677e-01   3.4149320e-01
   2.0000000e+00   4.9841139e-02   6.7127055e-01   7.9245249e-01   1.6169992e+00  -7.1855644e-01   5.8616927e-01
   1.0000000e+00   1.6467556e+00   3.4892328e-01   2.5878041e-01   2.1628577e-01  -1.6471810e+00  -7.2387576e-01
   2.0000000e+00   7.0186790e-01   1.1149549e+00  -1.1323777e+00  -1.3834598e-01  -1.3624302e-01  -5.1455939e-01
   1.0000000e+00  -6.9154121e-02  -4.8237104e-01  -1.0421231e+00   2.0217547e-01  -6.7041113e-01   1.5988674e+00
   2.0000000e+00   8.8298595e-01   1.0903727e+00   2.6943358e-01  -1.2813046e+00  -1.9060635e+00  -5.2604758e-01
   2.0000000e+00   3.6934405e-01  -1.0738897e+00   9.6328246e-02  -1.2813275e+00   4.8790670e-01   2.2418250e+00
   2.0000000e+00  -1.2774840e-01   5.5177871e-01   4.2008745e-01  -8.0180402e-01  -1.0990719e+00   1.3004698e+00
   2.0000000e+00   1.5877778e+00  -1.3605414e-01   3.1433263e+00  -3.6551057e-01  -1.0862876e-01   2.1260837e+00
   2.0000000e+00   1.2972708e+00   9.9816335e-01  -1.8667773e-01   1.3968736e+00  -1.0510438e+00  -5.6405530e-01
   2.0000000e+00  -3.1345208e-01  -7.2349733e-01   2.9057878e-01  -1.6026077e-01  -5.5061332e-01   5.9716604e-01
   2.0000000e+00  -6.0536807e-01   2.6815508e-01  -4.8822314e-01  -1.3979414e+00  -1.4943138e-01   5.8073970e-02
   2.0000000e+00   2.4676314e-01  -1.3933816e+00   5.2012733e-01   3.8046500e-01  -7.1459231e-01  -1.1979729e+00
   2.0000000e+00  -3.1869579e-02  -7.2553239e-01  -1.9451787e+00  -1.0361062e+00   1.0073249e+00  -1.0716563e+00
   2.0000000e+00   2.1658620e-02   3.3871233e-01   1.4118608e+00  -7.4100125e-01   1.2903798e+00   1.8693601e-01
   2.0000000e+00  -8.0582657e-01  -6.8436725e-01   4.6449354e-02  -1.7105389e+00  -1.4920617e-01   7.8075343e-01
   2.0000000e+00  -1.8162394e+00   1.6448043e+00  -5.3158675e-02  -3.2465989e-01  -5.3966707e-01   8.9958848e-01
   2.0000000e+00  -1.6322271e+00   2.0115901e-01  -2.8663459e-01  -2.8760164e-01  -9.7293707e-01   2.7610529e-01
   2.0000000e+00  -1.4430809e-01   5.8796073e-01   9.4709898e-01  -1.2730272e+00  -3.8329028e-01  -1.3661929e-01
   2.0000000e+00  -8.9764856e-01   3.4362717e-01   1.1301902e+00  -3.7112236e-01   1.8748070e+00   1.3255435e+00
   2.0000000e+00  -8.0911179e-01  -4.1724924e-01  -8.4857259e-01  -1.8095512e-02  -8.2068449e-01   2.6460444e-01
   2.0000000e+00  -1.4833460e+00   8.7286784e-02  -2.5292878e-01  -4.8038206e-01   1.2663938e+00  -6.3236807e-01
   2.0000000e+00  -5.9193360e-01   1.9707259e-02   1.3914887e-01   2.1705515e+00  -4.9747331e-01  -2.6258713e+00
   2.0000000e+00   9.5399349e-01   1.2012700e-01   5.7868729e-01   1.0987574e+00  -2.3457077e-02  -8.6923135e-01
   2.0000000e+00  -6.0581180e-01   4.5635715e-01   2.5390012e-01  -1.3080705e+00   8.6895241e-01   1.1132675e+00
   1.0000000e+00   6.3135933e-01   1.6887144e-01  -4.0988677e-01   8.1136699e-01  -2.7537613e-01  -3.9897051e-01
   2.0000000e+00   1.1516800e+00   1.4605100e-01  -8.1417174e-01   1.7304454e+00   3.0661628e-01   7.8694265e-01
   2.0000000e+00   2.6242294e-01   9.2613129e-01  -3.7527481e-01  -3.6952076e-01  -3.0498663e+00  -4.3680138e-01
   1.0000000e+00   1.1357067e-01   7.3587782e-01   4.8265911e-01   5.7742542e-01  -1.3105482e+00  -8.9952464e-02
   1.0000000e+00  -1.5103344e-01  -2.4237214e-02  -1.6337628e+00   5.1313132e-02   8.0683027e-01   1.0071641e+00
   1.0000000e+00   6.2748011e-01   6.4787516e-01   4.2258366e-01   1.9893024e-01  -2.2834891e+00   1.2648743e-01
   1.0000000e+00  -9.5750116e-01  -5.6592503e-01   1.0079325e+00   4.0718276e-01   5.9915905e-01   1.7113213e+00
   1.0000000e+00   1.4725746e+00  -4.6726019e-01  -6.4246465e-01   2.1537283e-01  -3.7763049e-01   1.8794101e+00
   1.0000000e+00   1.0517829e+00   7.8029492e-01   7.0901100e-01   2.7655174e-01  -1.4136095e+00   3.8205912e-01
   2.0000000e+00  -1.2134843e+00   1.3390176e+00   1.1162744e+00   8.9866639e-01  -5.7085201e-01   3.0458036e-01
   2.0000000e+00   1.9827516e-01  -8.1134556e-01  -1.3372048e+00   1.7080493e+00   8.1930894e-02  -3.9518993e-01
   2.0000000e+00  -5.7912533e-02  -2.5875762e-01   7.4478553e-02   1.2680668e+00  -3.6712861e-01  -1.3164697e+00
   1.0000000e+00  -8.7058792e-02   7.3992660e-01  -9.1724492e-02   2.9451396e-01   1.7748719e+00   8.9748419e-01
   2.0000000e+00   5.9495785e-01  -4.6533334e-01  -7.0514129e-01  -2.1925847e-01   1.0413407e+00   9.6452973e-01
   2.0000000e+00   5.0226780e-01  -6.7438309e-01  -2.4618864e+00  -1.1615381e+00   1.3399561e+00   9.1786052e-01
   2.0000000e+00  -1.2584917e-01  -7.5996870e-01  -4.4278815e-01  -4.2317916e-01  -7.3725719e-02   3.7576095e-02
   2.0000000e+00   2.6751347e-01  -5.1602920e-01  -1.4627297e+00  -1.8292403e+00  -2.7248781e-01   5.4958622e-01
   2.0000000e+00  -1.0653432e-01   1.0461785e+00  -1.1284513e-01  -1.9998740e+00  -4.2739562e-01  -6.7263575e-01
   2.0000000e+00  -9.5450259e-02   1.5794791e+00  -1.5814896e-02  -3.9842790e-02  -1.1814295e+00  -1.4389906e+00
   2.0000000e+00   1.8188857e-01  -6.8119518e-01   8.4156935e-01   2.4774491e+00   1.0236838e+00  -3.1930410e-01
   2.0000000e+00   1.3058426e+00  -2.7885301e-01   9.3112077e-01  -3.2063518e-01  -2.6344614e-01  -1.2898131e+00
   2.0000000e+00  -2.5755624e-01  -1.1416731e+00   3.7366701e-01  -8.0232018e-01  -1.9531690e-01   4.5225378e-01
   2.0000000e+00   1.0697041e+00   1.1068188e+00  -5.8745006e-01   2.5817075e+00   4.0154894e-01  -1.2351888e+00
   2.0000000e+00   9.2116547e-01  -1.5685633e+00  -9.7440058e-01   4.6841536e-01  -7.7377765e-01   9.0343068e-01
   2.0000000e+00   5.8768881e-01   1.9931424e+00   4.8147134e-01   3.4080936e-01   7.5845199e-01  -1.0993937e+00
   2.0000000e+00   6.4834664e-01   1.6676833e+00   4.5745995e-01  -4.4366662e-01   1.9034398e+00  -1.0345739e+00
   2.0000000e+00   1.0205302e+00   2.3673586e+00   1.0871512e+00   1.1082897e+00   5.5132532e-01   3.0583398e-02
   2.0000000e+00  -7.4189084e-01  -9.3536352e-01  -2.0103417e-01   1.9037734e+00   1.4717381e+00  -9.5665661e-01
   2.0000000e+00   6.3296174e-01  -6.3263788e-01   1.8578497e-01   1.5543610e+00   7.5037017e-01   5.4603365e-01
   1.0000000e+00   2.7235410e-02   5.6923215e-01  -4.5961698e-01   4.4086857e-01   7.1595655e-01   8.7397172e-01
   2.0000000e+00   6.8262137e-01  -1.2442903e+00  -2.7285320e-01  -1.5691886e+00  -1.0564710e+00   3.5891332e-01
   2.0000000e+00  -4.7827434e-01   1.0487926e+00   2.3550351e-01  -7.0701281e-01   4.0294096e-01  -5.8601562e-01
   2.0000000e+00   3.1087396e-01  -8.6084594e-01  -2.9380228e+00   7.7882381e-01   1.7542699e+00   2.8046560e-01
   2.0000000e+00   6.4613078e-01   1.3640859e-01  -7.6800808e-01   1.0304477e+00  -4.4701955e-01  -6.6203134e-01
   2.0000000e+00   4.7433780e-03  -1.2470251e+00  -2.3104658e-01  -6.6083294e-01  -6.4048493e-01  -9.9732985e-02
   2.0000000e+00  -1.3118279e-01   1.2776059e+00   8.7325217e-01  -1.3897725e+00  -4.6944694e-01   5.4757320e-01
   1.0000000e+00  -1.3963478e+00   2.9783119e-01  -1.3169099e+00   5.7251383e-01   1.1372231e+00  -1.1437627e-01
   1.0000000e+00  -1.5629827e-01  -1.0372098e-01   2.0751578e+00   8.6175183e-01  -1.7914803e+00  -9.8510936e-02
   2.0000000e+00  -9.1264798e-01  -1.2824312e+00  -5.1425921e-01  -4.8896329e-01  -1.0077613e-01  -2.6060367e-01
   2.0000000e+00   2.6229337e+00   9.0419100e-02  -1.8154571e-01   1.0569901e+00   1.8095493e+00   1.6290523e-01
   1.0000000e+00   9.9538522e-01  -1.6421692e-01   1.7212409e+00   9.1496447e-01  -1.0511668e+00   5.7864854e-01
   2.0000000e+00  -1.5077359e-01   8.3433244e-02   5.5235725e-01  -4.6275701e-01  -1.4510213e+00   7.8330229e-01
   2.0000000e+00   9.6395584e-01   3.7956441e-01   1.7901833e+00   1.3710099e+00   9.0696255e-01  -1.8223822e+00
   2.0000000e+00  -1.4120380e+00   5.7215307e-01   1.5872557e-01  -1.1716172e-01   4.2000145e-01   1.4986056e+00
   2.0000000e+00   1.8645218e-01  -1.3866764e+00   6.6828010e-01   3.5973206e-01  -3.0479937e-01   3.8888296e-01
   2.0000000e+00   8.6543407e-01   5.0114403e-01   4.9794227e-01  -4.9973760e-02   1.0457373e+00  -1.4283079e+00
   1.0000000e+00   6.8892538e-02   4.4291262e-01  -7.1431697e-01   2.4379737e-01   1.9022161e-01  -1.5037089e+00
   1.0000000e+00   8.6735868e-01  -2.5911173e-01   3.5034529e-02   4.8106536e-01  -1.1230383e+00  -2.5415743e-01
   2.0000000e+00  -6.4579911e-01   6.5310724e-01  -1.1039770e+00   1.1963099e+00  -1.2365499e-04   6.8512685e-01
   1.0000000e+00  -2.9526234e-01  -1.5744473e-01  -2.0496821e-01   5.8059824e-01  -7.4795590e-02   1.4092757e+00
   2.0000000e+00  -1.9442980e+00  -8.5417632e-01   1.2640700e+00   1.4962603e+00  -9.7335414e-01  -1.2833574e+00
   2.0000000e+00  -7.0203010e-01   1.7613086e+00   3.4319076e-02  -3.4864219e-01  -7.2473746e-01   5.7869259e-01
   2.0000000e+00   1.8267207e+00  -8.4938784e-01  -5.8545290e-01   1.5750069e+00   1.1688521e+00   8.4605937e-01
   2.0000000e+00   4.0344542e-01  -2.3653003e+00  -2.1335091e+00   2.6493379e-01   9.7747831e-01   7.8706070e-01
   2.0000000e+00  -6.3679517e-01   1.2700108e+00  -4.8690310e-01  -5.6336388e-01  -4.1827778e-01   1.7689183e+00
   2.0000000e+00   1.3674492e+00   1.5552331e+00   8.1614667e-02  -1.7996419e+00  -6.2200634e-01  -1.2626869e+00
   2.0000000e+00  -4.3058950e-01   5.6911686e-01   1.5256376e+00  -1.1172687e+00  -1.3265909e+00  -9.1819557e-02
   2.0000000e+00  -3.8484349e-01  -1.1756319e+00   1.0445217e+00   1.8069645e-01   1.0494448e+00  -6.0488742e-02
   2.0000000e+00  -1.2968473e+00  -3.4976828e-01   2.2526945e+00   1.3573495e+00   2.1228808e+00  -1.1842912e+00
   2.0000000e+00   1.4257883e+00  -1.3598107e+00  -1.0589699e+00  -8.2706934e-01   7.5850866e-01  -1.6256268e+00
   2.0000000e+00   1.7929685e-01   2.1726063e-01  -3.4599847e-01  -7.4150833e-01  -7.9827188e-01   1.1692741e+00
   2.0000000e+00  -2.3853555e-01   7.2365398e-01   4.4898650e-01  -1.0305092e+00   2.6531955e+00  -1.2330739e+00
   2.0000000e+00  -8.7497968e-01   1.7341359e+00   2.9028241e-01  -9.8008679e-02   3.4549337e-02   5.7569573e-01
   2.0000000e+00   2.7855116e+00  -8.9816341e-01   4.6114045e-01   6.6848311e-01  -8.4530359e-01   1.0729624e+00
   2.0000000e+00   1.8552543e+00  -8.9243028e-01  -7.6539089e-01   1.7971416e+00  -1.5114977e+00   3.1218437e-01
   1.0000000e+00   4.3740750e-01  -7.9983303e-01   8.0696517e-01   1.2332846e-01   9.2010813e-01  -7.3866860e-01
   2.0000000e+00  -1.2175710e+00  -3.5076010e-02   1.0065400e+00  -2.5245728e+00   2.2171017e+00  -8.8431395e-01
   2.0000000e+00   5.5211767e-01   8.8840642e-01   3.6569405e-01  -1.8831318e-01   6.8089699e-01   1.1634592e+00
   2.0000000e+00  -3.2233609e-01  -2.6321204e-01   1.2004716e+00  -1.9273648e+00   1.0334026e+00   5.3273848e-02
   2.0000000e+00   8.6388874e-01   3.9698817e-01  -2.6594027e-01  -1.8651525e-01   6.6484236e-01   6.0046917e-02
   2.0000000e+00   5.6258807e-01  -1.4869909e+00   5.9325104e-01  -7.7027643e-02  -2.9732413e-01  -9.4347605e-01
   2.0000000e+00   6.2396817e-01   1.1049989e+00   1.4519855e-01   3.5698353e-01   4.4377518e-02   6.4829881e-01
   2.0000000e+00   2.7957967e+00  -1.3552039e+00  -1.2087549e+00   3.9156121e-01   2.2187413e+00  -6.9813606e-01
   2.0000000e+00  -1.5407163e+00   7.7930124e-01  -1.2473417e+00   2.2238806e+00  -1.3168124e-02   4.1347893e-02
   2.0000000e+00  -7.2928856e-01  -1.1235379e+00  -1.9490331e+00   2.3061951e+00   4.2725300e-01  -5.6957206e-01
   2.0000000e+00   9.1228766e-01   5.5156619e-01   7.3044730e-01  -1.0579524e+00  -7.9652901e-01   3.8747400e-01
   2.0000000e+00   5.1460573e-01  -1.5727250e+00   8.7909030e-01   6.6442095e-01  -1.4025838e+00  -1.3559441e+00
   2.0000000e+00  -1.2924445e-01   8.5681802e-01  -9.0114842e-01  -6.6684325e-01   3.4561667e-01  -4.4471132e-01
   2.0000000e+00   1.3795055e-01  -8.8139945e-01  -7.0996709e-01  -1.7939500e-01   7.1271078e-01   1.7207957e+00
   2.0000000e+00   1.9625360e+00  -3.5968529e-01   1.0785433e-02  -1.0618957e+00   2.8004168e+00   3.3888896e-02
   2.0000000e+00  -1.0173015e+00  -1.9510543e+00  -7.8728252e-01   2.0192225e-01   1.0667915e-01  -3.3398700e+00
   2.0000000e+00   4.1745631e-01   9.0089969e-01   4.8944683e-02  -2.5379910e-01  -1.1014038e+00  -2.4092151e+00
   1.0000000e+00   8.0959629e-01   5.7457457e-01  -2.6070732e+00   4.3216356e-02  -7.8335022e-01   1.3923046e+00
   2.0000000e+00  -4.7463040e-01  -1.1482111e-01  -8.7891778e-05   1.5288542e+00  -1.4664016e+00   6.8871156e-01
   1.0000000e+00   3.8667344e-01  -4.4005198e-01   4.3197269e-01   8.1208568e-01  -1.8100026e-01   7.9730626e-01
   2.0000000e+00   6.8531596e-01  -1.2439529e+00  -9.4926148e-01  -1.0964681e+00  -2.5005194e+00   1.3731765e-01
   2.0000000e+00  -3.5831943e-01   9.4129731e-02  -1.4720242e-01  -5.3852636e-01   8.4733692e-01  -1.3496708e+00
   2.0000000e+00  -2.1971966e-01  -1.4072559e+00  -1.2822010e+00   8.2776052e-01  -4.1845378e-01   2.2607271e-01
   2.0000000e+00  -8.0665158e-02  -1.6036270e+00  -1.1751164e+00   6.5809641e-01   3.1256751e-01  -4.1223298e-01
   2.0000000e+00  -6.4233218e-01   1.2892793e+00   5.3912039e-01   6.8556626e-01   1.3847943e+00  -1.1835675e+00
   2.0000000e+00  -4.2305785e-01   9.5126816e-01   3.0330496e-01  -3.0525134e-01  -4.5300932e-01  -4.2312234e-01
   2.0000000e+00  -5.8966655e-02  -9.9652363e-01  -7.9948888e-02  -8.2762246e-01   9.4896032e-01   1.3605357e+00
   1.0000000e+00   1.5358320e+00   3.7957924e-01   1.5821685e+00   1.1484724e-01   1.3748846e+00   2.9067976e+00
   2.0000000e+00   8.0811664e-01   1.1775789e+00  -2.2320648e+00  -5.1609601e-01   5.3368185e-01  -1.0310393e+00
   2.0000000e+00   5.2163929e-01  -7.4307496e-01   1.6879191e+00   7.8544238e-01   7.1697440e-01   8.9973570e-03
   2.0000000e+00   1.5753902e+00   2.5691503e-02  -8.8657278e-01  -8.0892357e-02   8.8464346e-01   1.2190594e+00
   2.0000000e+00   1.0296911e-01   1.4919295e+00  -6.4626962e-01  -7.0212190e-01  -4.4638068e-01  -1.0379242e+00
   2.0000000e+00   8.0303227e-01   3.6968506e-01  -1.2376390e+00   1.9375096e+00  -1.3034998e+00  -2.1159909e-01
   1.0000000e+00   2.9498143e-01   1.5136994e-01   6.3698798e-01   3.6290325e-01   1.3991168e+00  -7.4300550e-01
   1.0000000e+00  -3.7342455e-02   8.8021813e-01  -5.5160944e-01   2.3714575e-01   6.7022340e-02  -1.5900278e+00
   2.0000000e+00   9.6315848e-01  -7.4952698e-02   1.0585603e+00  -1.7210470e-01  -9.8042722e-01   7.2883298e-01
   2.0000000e+00  -1.0785811e+00   2.3092091e+00   1.4275590e+00   2.2017887e-01   7.8698097e-01  -1.6791311e+00
   2.0000000e+00  -1.5745460e+00  -6.0482190e-01   5.0259194e-01  -5.8089429e-01   6.3810193e-01   4.4958454e-01
   2.0000000e+00  -4.7432378e-01  -1.1893181e+00   5.6999064e-01  -2.7653321e-01   2.0901884e+00   3.6602684e-01
   1.0000000e+00  -3.4851440e-01   1.3888941e-01  -1.1459474e+00   4.4751285e-01  -4.7808035e-01  -1.2800041e-01
   2.0000000e+00   9.4110612e-01   1.3799467e+00  -1.3251920e+00  -1.8677663e+00  -6.0582823e-01   7.0853200e-02
   2.0000000e+00   2.5535267e-01   7.6150709e-02  -1.2649709e+00  -2.3002144e-01  -1.2409537e+00   1.2750885e-01
   2.0000000e+00   1.1489548e+00   1.6688283e+00   7.3609587e-01  -1.0835935e+00  -1.6071242e+00  -7.3111439e-01
   2.0000000e+00  -6.6319879e-01  -7.7390452e-01  -3.3686541e-01   1.4631362e+00  -1.5783115e-01   8.5280868e-01
   2.0000000e+00  -2.3243819e-01   8.5345540e-01  -1.6855086e-01   9.3177049e-01  -4.6448073e-01   5.6071786e-01
   1.0000000e+00  -1.1987129e+00   1.6180414e-01   4.5923249e-01   5.4726217e-01  -9.3316910e-01  -1.8937714e+00
   2.0000000e+00  -2.0988058e+00   2.3371772e-01   1.0437290e+00   2.1284484e+00  -2.5851800e-02  -3.2215365e-01
   2.0000000e+00  -7.9406511e-01   9.7235125e-01  -1.6556967e+00  -1.4049344e+00  -2.3152116e-01  -1.5220797e-01
   2.0000000e+00   2.3544730e+00   1.3531703e+00   6.8667943e-01   8.4645484e-01  -4.1069858e-01  -3.2528326e-01
   1.0000000e+00  -1.1988222e-01  -1.9785103e-01   8.6911831e-01   1.9567058e-01  -4.9194452e-01   7.1946898e-01
   2.0000000e+00   1.0372260e+00  -2.6060078e-01  -1.0843055e+00  -5.6863799e-01  -8.8787566e-01   7.4402679e-01
   2.0000000e+00   2.3975483e-01  -2.4066598e-01   1.2207657e+00   1.9053853e+00   2.9981188e-01  -5.0695040e-02
   2.0000000e+00   8.5193252e-01   7.4367477e-01   9.6504782e-01  -9.0663412e-02  -1.2325950e+00   1.1052816e+00
   2.0000000e+00  -4.7707369e-01   1.4151602e+00   8.3868789e-01   3.3207358e-01  -3.5298441e-01   9.5607463e-02
   1.0000000e+00  -1.5319350e+00   5.2118626e-01  -5.5508898e-01   4.8433673e-01  -5.4572827e-01  -4.3895501e-01
   2.0000000e+00  -9.6799164e-01  -1.4719620e-01   3.1540579e-01  -2.9927040e-01  -1.7152114e-02  -2.4118649e+00
   2.0000000e+00  -9.0747888e-01  -8.9239106e-01  -2.2487110e-01  -4.1941913e-01  -3.2898361e-01  -2.2142644e-01
   2.0000000e+00  -2.7630031e-01   3.1809238e-01   1.2477934e-01  -1.1746099e+00  -6.5629151e-01   2.0500772e+00
   2.0000000e+00   5.8298141e-01  -1.8119552e+00   6.4946571e-01  -1.3890174e+00   1.4681119e-01   7.7799420e-01
   1.0000000e+00  -1.4635683e+00  -3.1863905e-01   4.2209385e-01   4.6397625e-01   7.4549988e-01  -1.1088012e+00
   2.0000000e+00   2.7257430e-01   3.3265479e-01  -1.4614424e+00  -9.5912229e-01  -6.5769517e-01   3.9815166e-01
   2.0000000e+00   1.9054311e-01  -8.8332757e-01   1.4546584e+00  -3.8437399e-01   1.0971260e+00   2.2260482e+00
   2.0000000e+00  -3.6072230e-01  -1.3705982e+00   1.2398048e+00  -6.0158864e-01   9.7292133e-01   8.8255874e-01
   2.0000000e+00  -4.6496030e-01  -7.9352301e-01   4.1213506e-02  -9.2479766e-01   4.9666390e-04  -8.6142340e-01
   2.0000000e+00   5.0617807e-01  -5.6693561e-02  -9.6557031e-01  -6.0725970e-02  -5.1838515e-02  -5.0754889e-01
   2.0000000e+00  -8.8787310e-01  -5.7054732e-02   1.6684469e+00  -6.6730948e-01  -1.3711565e-01  -2.4524368e+00
   2.0000000e+00   1.5885838e+00  -3.0670664e-01  -2.9949933e-01   3.2040007e+00   1.5329067e+00   1.5620643e+00
   1.0000000e+00  -8.5653650e-01  -7.7662305e-01  -3.0644881e-01   1.8976999e-01   9.6026191e-01  -6.8709986e-01
   1.0000000e+00   5.6752210e-01   1.3252272e-01  -5.2519252e-01   7.1707275e-02  -9.1692310e-01  -8.9688069e-02
   2.0000000e+00   8.5440322e-02  -4.2786922e+00  -6.3564075e-01  -3.5067618e-01   4.8504331e-01   6.4810796e-01
   2.0000000e+00  -2.9647587e-01   4.1127463e-01  -1.0242785e+00   2.3289821e+00   3.8022917e-01  -8.8063199e-03
   2.0000000e+00  -3.0795070e-02  -7.8907847e-01  -3.0169138e-01   1.3884349e+00   2.2731310e+00   9.1190533e-01
   2.0000000e+00   1.3582078e+00  -1.1489930e+00  -5.8967443e-01   5.7618530e-01   1.8705024e-01   3.5487005e-01
   2.0000000e+00   8.1755000e-01  -1.2609775e+00  -5.7018851e-01  -1.6517221e-01  -2.2450036e+00   4.3088298e-01
   2.0000000e+00   1.0885113e+00  -9.7205583e-01  -4.3802301e-02  -4.9939809e-01   9.2392354e-01  -1.0335535e+00
   2.0000000e+00  -9.1843310e-01   2.3587388e-01   2.8572048e-01  -3.1009077e-01  -1.3748531e+00   2.5750892e-01
   2.0000000e+00  -9.4408342e-01   1.5074483e+00   3.7829080e-01   4.4610353e-01   1.3469938e-01  -9.9487595e-02
   2.0000000e+00   6.2705822e-02  -6.0030703e-01   7.0806015e-01  -7.2628514e-01  -3.4176371e-01   1.0045494e+00
   2.0000000e+00  -1.4484782e-02   1.1341716e+00   1.2373945e+00  -1.3477053e+00   9.1218452e-02   1.9310030e+00
   2.0000000e+00  -8.4819801e-01   1.4082403e+00  -1.0469115e+00   2.4709001e+00  -3.0871592e-01  -1.6386809e-01
   2.0000000e+00  -2.7876158e-01   1.4110292e+00   7.9064082e-01   1.0913283e-01  -1.0820569e+00   2.4640341e-01
   1.0000000e+00  -1.8201491e-01   5.4665137e-01  -1.2033353e+00   4.5851048e-01   5.4912927e-01   7.7716106e-01
   2.0000000e+00   3.5656306e-01  -1.6055091e+00   1.4577516e+00  -1.1993569e-01   6.9054348e-01   4.0660511e-01
   2.0000000e+00   1.2939624e+00   5.6141870e-01  -1.7211317e+00  -1.3811928e+00   6.5911159e-01   1.3217835e+00
   2.0000000e+00   1.6164048e+00  -7.8925275e-01  -4.2231558e-03  -2.3413901e-02   1.5393011e+00  -6.3278132e-01
   2.0000000e+00   2.6522047e-01   9.2616051e-01   6.1860018e-01  -1.0072469e+00  -1.6600473e-02   1.0150580e+00
   2.0000000e+00  -1.3781813e+00   7.3799888e-01   2.2428545e+00  -1.1937411e+00   1.9331047e-01   7.5517475e-03
   2.0000000e+00   7.8303600e-01  -6.6822215e-01   2.9696674e-01   1.2566266e+00  -6.0496348e-03   1.6952873e+00
   2.0000000e+00  -2.7277234e+00  -4.6142302e-02  -9.6844357e-01  -1.8868607e+00   5.2094664e-03  -2.3227952e-02
   2.0000000e+00  -4.4943131e-02   3.8998515e-01  -3.1981865e-01  -1.4251673e+00   6.3970983e-01   1.2593421e-02
   2.0000000e+00  -1.3594975e+00   4.1919321e-01   1.3313750e+00  -2.4513574e-01  -1.0582929e+00  -1.1732704e+00
   2.0000000e+00   8.8072057e-01  -7.0820032e-01   1.3867537e+00  -3.5729489e-01  -6.0489992e-01  -2.3814730e-02
   2.0000000e+00   8.8310147e-01  -1.3513869e+00  -2.0424207e-01  -6.8652912e-01   2.7113702e-01   1.0394673e+00
   2.0000000e+00  -1.5228211e-01   5.4231248e-02  -8.7177959e-01  -4.6355038e-01  -1.2458326e+00   4.0639223e-01
   2.0000000e+00   5.1136539e-02   3.0500968e-01  -2.9837003e-01  -2.8527692e-01   3.8181728e-01   6.2699713e-01
   2.0000000e+00   2.6089378e-01  -1.2727940e+00  -5.7351751e-01  -6.5105714e-01   4.1404794e-01   4.2786813e-01
   2.0000000e+00   1.5790609e+00  -5.8913531e-01   9.8973533e-01  -1.6173633e+00   1.0351862e+00  -1.3182948e+00
   2.0000000e+00   2.0549941e-01  -1.1274626e+00   7.9531922e-01  -9.1075270e-01  -9.0008994e-01  -1.1312159e-01
   2.0000000e+00  -6.1198364e-01   4.2344401e-01   9.3135755e-01  -6.2776219e-01   2.7935906e+00   1.5046780e+00
   2.0000000e+00   4.6336385e-01   1.8632549e-01  -1.4753847e+00  -5.2632309e-01   2.7365161e-01  -1.4376501e+00
   2.0000000e+00  -8.6434690e-01   1.5914127e+00  -9.6158580e-01  -1.5611501e+00  -3.2731024e-01  -1.3215260e-01
   2.0000000e+00   7.4523474e-01  -1.1570583e-01  -1.4973945e+00   1.7987200e+00  -2.1873284e+00   5.8595293e-01
   2.0000000e+00  -1.0167308e+00   2.1892325e+00  -8.9070023e-01  -1.3110543e+00   1.0378433e+00   6.2093632e-01
   2.0000000e+00   1.4544828e-01   8.9586078e-02   1.2194024e-01  -6.9583522e-01   1.7253453e+00   7.0053810e-03
   1.0000000e+00  -3.3572158e-01   6.1034952e-01  -5.8921087e-01   3.3279883e-01  -1.3210187e+00  -1.3587409e+00
   2.0000000e+00  -8.4006963e-01  -4.5373744e-01   4.1682841e-02  -7.8154863e-01  -1.2449261e-02  -1.7081887e+00
   2.0000000e+00  -2.7149790e-01   1.2904949e+00  -1.0489629e+00  -1.6579310e+00   7.1635771e-01   1.3629406e+00
   2.0000000e+00  -7.9199525e-01   2.1430548e+00  -3.3854540e-01  -6.1398756e-01   1.2665508e+00  -1.3703735e-01
   2.0000000e+00  -1.0168654e+00   1.1512582e+00   2.9426636e-01  -1.0281093e+00   2.1460249e-01   5.8374687e-01
   2.0000000e+00  -4.1373745e-01   7.3718541e-01  -1.2192939e-01  -4.9934219e-01   3.7523439e-01  -1.0792110e+00
   2.0000000e+00   1.3375764e+00  -2.6496555e-01  -1.4247803e+00   1.7926316e+00   5.6089320e-01   9.4394388e-02
   2.0000000e+00   2.0664390e+00   1.7854699e+00   2.0602525e+00   8.0279265e-02   4.7838432e-01   1.7114110e+00
   2.0000000e+00  -4.8406335e-01   1.3955678e+00   1.5562017e-01  -3.4027584e-01  -5.6218839e-01  -9.0314190e-01
   2.0000000e+00   1.1714372e+00  -6.4378089e-01  -3.0131600e-01  -1.2173240e-01  -1.2049400e+00   1.3674892e+00
   2.0000000e+00   8.0570762e-01  -5.9803589e-01  -1.0360687e+00  -4.4420520e-01  -6.8111599e-01  -1.9908691e+00
   2.0000000e+00  -3.4341418e-01   3.4098017e-01  -8.9351429e-02   1.2366985e+00   1.1890398e+00   9.4272344e-01
   2.0000000e+00  -1.3130458e-01   1.6230437e+00  -1.7789992e+00  -9.2894118e-01   4.2482945e-01   1.6811822e+00
   2.0000000e+00  -5.1370339e-01  -1.9041384e-02   1.7914691e+00  -5.9580577e-02  -2.1970767e-01  -1.1079764e+00
   1.0000000e+00   5.0898864e-01  -4.3134289e-01  -2.3917555e+00   1.6069557e-01  -9.6184203e-01   6.2257409e-01
   2.0000000e+00  -5.5914412e-01  -7.3167349e-01   1.2694111e+00   9.5694878e-01  -1.2996095e+00  -1.6641605e+00
   2.0000000e+00  -1.5389613e-01   2.4496287e-01  -4.7595077e-02   1.3082917e+00   8.6077908e-01  -1.0008828e+00
   2.0000000e+00   1.3697560e+00  -1.3687031e+00   1.4070463e+00   4.5147859e-02   2.7805120e-01   1.3778668e+00
   2.0000000e+00   8.9674325e-01   9.4024031e-01   1.0055899e-01  -5.5586427e-01   2.5281817e-01  -7.9647271e-01
   2.0000000e+00  -1.1255205e+00   7.6623038e-01   6.4917246e-01  -4.9905177e-02  -5.0104806e-01   7.2380273e-01
