   2.0000000e+00  -4.9769788e-01  -2.1135093e-02  -3.2597786e-01   4.6412091e-01  -6.6287897e-01  -1.2399878e+00
   1.0000000e+00   3.3983347e-01  -3.5394330e-01  -6.5548704e-01   5.5517616e-01  -5.0120395e-01   9.7925572e-02
   2.0000000e+00   4.5267219e-01  -1.9945569e+00  -3.6119338e-01   1.8598177e+00   4.6257946e-01  -1.4040700e+00
   2.0000000e+00  -2.7542984e-01   1.0490771e-01  -1.5270916e+00   1.5327388e+00   1.0371655e+00  -6.9088546e-01
   2.0000000e+00   4.0897643e-01  -3.2461458e-01  -9.2462998e-01   7.1341107e-01   9.1310636e-01  -4.6228440e-01
   1.0000000e+00   4.4319736e-01  -1.4257168e+00  -1.2872657e+00  -1.7901816e+00  -5.6024987e-01   5.4764819e-01
   2.0000000e+00  -4.6182363e-01  -1.7761217e+00   7.3632493e-01  -4.3458097e-01  -7.8438657e-01  -8.4239566e-01
   2.0000000e+00  -8.7160794e-01  -7.0442644e-01  -5.5300742e-01   1.4116713e+00  -3.6764361e-01   1.4507362e+00
   2.0000000e+00  -1.6931063e-01  -7.3562026e-02  -2.1560542e-01   2.5402131e-01  -8.2216549e-01  -1.5171513e-01
   2.0000000e+00  -1.3005584e-01   7.8518484e-01   9.9737394e-01   1.7444271e-01  -1.1471419e+00   5.9717128e-01
   2.0000000e+00  -1.4307805e+00   1.5154824e+00  -4.2619598e-01  -1.5924274e+00   9.2205507e-01   9.3685270e-01
   1.0000000e+00  -9.9092049e-02  -6.4609821e-01  -1.4945483e+00   1.4194052e+00   6.5754601e-01   2.9130167e-01
   2.0000000e+00  -8.0714920e-01  -2.9865816e-01   1.0910597e+00  -3.1262654e-01   3.8983703e-01  -4.7153921e-02
   1.0000000e+00  -1.3682441e-02   6.9543054e-01  -7.9263981e-01  -4.9397360e-01   3.1787274e-01   3.9807167e-01
   2.0000000e+00  -1.1989785e+00   2.7866100e+00  -3.1770470e-01  -1.3293911e-01  -7.8680695e-01  -6.8878466e-01
   2.0000000e+00   5.8594515e-01  -1.7381773e-01  -2.3046977e-01   2.3142451e-01   8.3255565e-02   1.4509701e+00
   2.0000000e+00   2.8443534e-01   5.8925081e-01  -5.1574420e-01   1.4134366e-01  -7.0308494e-01  -2.4758975e-01
   2.0000000e+00  -3.4682819e-01   6.7455031e-01   1.3637553e-01   2.5312673e-01  -1.3576853e+00   4.7657408e-01
   2.0000000e+00   1.7494237e+00  -7.2026016e-01   5.3870093e-01  -7.5268642e-01  -5.8052513e-01  -4.1697461e-01
   2.0000000e+00  -7.8800834e-01  -5.4669708e-01   7.4861638e-01   4.3921951e-01  -1.3429199e+00  -1.1295259e+00
   2.0000000e+00   6.5632926e-01   9.4844150e-01   8.7470182e-01   5.8514036e-01   4.0585757e-01  -4.3993168e-01
   2.0000000e+00  -5.8910483e-01  -1.5816212e+00  -5.7401074e-01  -2.0992059e+00   1.4461533e+00   1.2856188e-01
   2.0000000e+00   1.3771950e-01  -1.0930942e+00  -9.7945707e-01   8.4345687e-01  -8.8587919e-01  -1.5227642e+00
   2.0000000e+00   4.8937184e-01  -3.8341796e-01  -3.7577931e-01   2.6987310e-01  -2.4067663e+00   6.2942246e-01
   2.0000000e+00  -5.9307475e-02   1.5746621e+00   4.1504192e-01   1.6734750e-01   1.3360264e+00  -8.1894780e-02
   2.0000000e+00  -5.8706812e-02   4.6494142e-01   1.2782563e+00  -5.9395988e-01   2.2286163e-01  -2.5644984e-02
   2.0000000e+00   4.5508991e-01   4.0792701e-01   8.9252834e-01   1.1736733e+00  -4.8502609e-02  -1.9967906e-01
   2.0000000e+00  -1.8290927e-01  -2.7284962e-01  -7.5303261e-01  -3.9296832e-01  -1.2894536e+00  -8.5967632e-02
   2.0000000e+00  -2.4893676e-01   3.4971691e-01   8.0420992e-01  -8.1676958e-01  -6.0168810e-01  -2.5636064e-01
   2.0000000e+00  -3.5389368e-02  -3.6530691e-01   1.4278093e+00   2.0532397e+00   8.7181221e-01  -6.8580620e-01
   2.0000000e+00   1.2666493e+00  -9.4845857e-01  -6.9020315e-01  -1.0368908e+00   1.6128339e+00  -1.1594773e+00
   2.0000000e+00  -7.2942957e-01  -6.3167345e-01  -5.9084258e-01  -1.2864885e+00  -1.2813145e+00   7.4622773e-01
   2.0000000e+00  -8.1147475e-01   4.9012414e-01   3.3571393e-01   1.0744298e+00   8.3362299e-01   8.1605279e-01
   2.0000000e+00   4.3430099e-01  -1.2791422e-01   2.1323188e-01   7.5124316e-01  -1.0078814e+00   5.9139286e-01
   1.0000000e+00   5.7240110e-01  -5.3576184e-01   5.9394319e-01   1.1390399e+00  -4.0096682e-01   6.0164596e-01
   1.0000000e+00   9.8011336e-01   4.3630310e-01   6.6054240e-01  -4.9093545e-01   4.8572546e-01   4.3748278e-02
   2.0000000e+00  -1.5938761e+00   5.8718690e-01  -5.3213733e-01  -1.8195501e+00   5.5478068e-01  -1.1833479e+00
   2.0000000e+00   7.8128859e-02  -8.0511400e-01  -4.1974769e-01  -1.7257420e-02   7.3368147e-01  -8.8612834e-01
   2.0000000e+00  -1.3627865e-01  -9.4309337e-01   4.1587868e-01   3.4280709e-01   9.4836068e-01   2.4638867e+00
   2.0000000e+00  -1.9855843e+00  -3.6045733e-02  -5.2487314e-01   2.6122818e-01   7.5364761e-01  -7.8035523e-01
   2.0000000e+00  -7.8870693e-01   1.7844758e+00   5.7538403e-02  -1.3754805e+00   1.2441687e+00   6.3828274e-02
   2.0000000e+00   3.7827272e-01  -1.4996475e-01   8.6943499e-02  -9.3801433e-01  -3.1953868e-01  -9.0482739e-01
   2.0000000e+00   6.4073476e-01  -8.6815236e-01  -4.8618872e-01   9.5117351e-01  -1.4467709e+00   3.3367884e-01
   2.0000000e+00   6.3951600e-01  -9.5442853e-01  -7.4164884e-01   1.1522777e+00  -5.1570678e-02   1.2224066e+00
   1.0000000e+00   1.1810350e+00  -1.0586268e-01  -1.1052344e+00   2.3867631e+00   3.8912339e-01   7.7167322e-02
   2.0000000e+00  -1.9628420e+00   5.2485109e-01   7.6079969e-01   1.0904710e+00   1.3843953e+00  -1.3327425e+00
   2.0000000e+00   6.0957047e-01  -1.5235381e+00  -1.0693212e+00  -1.0378181e-01  -2.9091736e-01  -1.4884232e+00
   2.0000000e+00  -1.3804747e+00   1.1294296e+00   1.3334021e+00  -8.4560276e-01  -4.4240914e-01  -1.6170529e+00
   2.0000000e+00   3.7934582e-01  -9.0593876e-01  -1.3029896e+00   1.3756122e-01  -1.2270335e+00  -3.8134460e-01
   2.0000000e+00   1.8977833e+00  -9.1531623e-01  -1.4011621e+00  -4.8149010e-01   2.0262966e-01  -2.7837854e-01
   1.0000000e+00   1.0741298e+00  -3.5227499e-01   1.5116197e+00   1.8446628e-01  -3.4121687e-01   6.7672571e-01
   2.0000000e+00  -1.9422960e-01  -8.8574451e-01  -2.0151710e+00  -3.0794436e-01   1.4243187e+00  -5.2030327e-01
   2.0000000e+00   1.2281665e+00  -1.7915002e+00  -4.4007259e-01  -1.5371019e+00  -3.3393665e-01  -5.1388978e-01
   2.0000000e+00  -1.0909176e-01   1.6791077e+00  -1.3074568e+00  -1.2037247e-01   1.4955879e+00  -4.2104677e-01
   2.0000000e+00  -2.7425148e+00  -6.5343944e-01   1.5008457e-01  -1.1920327e+00   3.1922885e-01  -4.9844617e-01
   2.0000000e+00   8.4776835e-01  -6.3828587e-01  -2.4789228e-01   1.0196826e+00   1.2724417e+00  -4.9038793e-01
   2.0000000e+00   1.3052013e+00   1.7772443e-01   1.8480131e-02  -1.1918680e+00  -2.0041437e-01  -1.0234486e+00
   1.0000000e+00  -1.4126811e-01   7.4122637e-01  -8.9522151e-01   4.1611160e-01   6.6762995e-02   6.9679734e-01
   2.0000000e+00  -7.2152412e-01  -7.7935214e-01   2.9585657e-01  -1.4937329e+00  -1.2006270e+00  -6.2137111e-01
   1.0000000e+00   7.6796208e-01   8.2421100e-02   5.7745087e-01   3.9799568e-02  -3.7380634e-01   5.2008387e-01
   2.0000000e+00  -1.4770314e+00  -3.8213612e-01  -8.4191809e-01   3.8837614e-01   4.2676523e-01  -1.2244007e+00
   1.0000000e+00  -4.4091464e-01  -8.8159187e-01   3.1769129e-01  -8.9677417e-01   1.7115082e-01   6.3091753e-01
   2.0000000e+00   6.1397818e-01  -1.0273540e+00  -1.1953525e+00  -2.0654458e-01   1.2550901e+00   1.1279351e+00
   2.0000000e+00   7.2952355e-01   4.8506252e-01  -1.0169930e+00  -3.3540408e-01   1.9610387e+00  -1.5270488e-01
   1.0000000e+00   3.7916893e-01   2.6022023e-01  -8.1091402e-01  -5.2442658e-01   1.4366843e-01   2.9426274e-01
   2.0000000e+00  -8.2827874e-01   2.4314781e-01  -8.2837493e-01   4.6319956e-01  -1.1738393e+00  -5.3460716e-01
   1.0000000e+00   5.3110117e-01  -2.5898480e+00  -4.1235966e-01  -2.2800714e-01  -2.9028838e-01   6.1433136e-01
   1.0000000e+00   1.1798082e+00   1.2728921e+00   1.5171215e+00  -1.0523679e+00   5.3869819e-01   7.5178218e-01
   1.0000000e+00  -8.7116691e-01  -1.5140844e+00   4.8314351e-01   1.1750599e+00  -9.2987806e-01   4.2210158e-02
   2.0000000e+00   1.0378070e+00  -1.1245465e-01  -1.0275248e+00   5.7326672e-01  -6.7410859e-04  -6.2974657e-01
   2.0000000e+00  -1.6119509e+00   1.8140422e-02   2.5546253e-01  -1.1352159e+00  -1.9974332e+00   6.0707070e-01
   1.0000000e+00   9.6548090e-01   3.9807432e-01  -1.7653856e+00  -1.5215361e+00  -5.6977678e-01   6.9493010e-01
   2.0000000e+00   3.5026042e-02  -3.6094814e-01  -9.5472865e-02   1.6148995e+00  -2.9313591e-01   1.1764516e+00
   2.0000000e+00  -5.8765934e-01  -2.5995293e-01  -1.3607256e+00   8.6263908e-01  -8.5172765e-01  -1.4358985e+00
   2.0000000e+00   1.8268328e-01  -6.5875868e-02  -1.1860871e+00   1.3251485e+00   3.9190974e-02   1.1878991e+00
   2.0000000e+00   7.6118132e-01   1.6539348e+00  -3.9969015e-01  -1.2791587e+00  -5.5936602e-01  -1.2600019e+00
   2.0000000e+00   2.2165571e+00  -2.0219853e-02   3.3779744e-01   3.7045347e-01  -1.2226819e+00  -1.1918420e-01
   2.0000000e+00   1.9463982e+00  -8.1718147e-02   6.1441511e-01   1.1934836e+00  -1.9312888e-01   6.7922368e-01
   1.0000000e+00  -3.3024722e-01  -1.0225812e+00  -1.5847272e+00  -1.0743391e+00  -5.6078842e-02   3.5368701e-01
   2.0000000e+00  -6.4283154e-01  -5.3961962e-01   7.1274911e-01   8.2481084e-01  -1.2623147e+00  -1.3206322e+00
   2.0000000e+00  -1.6111190e-01  -8.3753588e-01   9.4973892e-01  -2.6564139e+00   1.0358528e+00  -1.3127995e+00
   2.0000000e+00  -6.3381435e-01  -1.7090006e-01   1.0291311e+00   4.7131982e-01  -1.0659136e+00  -4.4169349e-01
   1.0000000e+00   9.1337595e-01  -8.6201687e-01  -4.5533164e-01  -1.5852265e-02  -3.1945785e-01   4.6286367e-02
   2.0000000e+00  -6.2690353e-01   1.1347359e+00  -8.2357061e-03  -1.3663384e-02  -4.3286586e-01   2.2021845e+00
   2.0000000e+00   7.0396736e-01  -2.0211331e+00  -2.3857103e-01   5.4442370e-01  -2.7162031e-01  -1.1108225e+00
   2.0000000e+00   3.1725548e-01   2.1212719e-01   8.1727662e-01  -1.6106330e+00  -3.6438378e-01  -5.9128256e-01
   2.0000000e+00   9.5263717e-01   4.9960417e-01  -5.2611882e-01   7.5957612e-01   1.0411124e-01  -2.8564214e-01
   2.0000000e+00   1.1653864e+00   2.7593363e+00  -2.9515899e-01   3.2244123e-02  -1.2445433e+00  -8.7645371e-01
   2.0000000e+00  -5.3631338e-01  -3.8249848e-01   1.8824628e+00   2.0897404e+00   4.8140224e-01  -1.0748718e+00
   2.0000000e+00  -1.9756814e-01  -1.3517061e+00   1.2530880e+00   1.9570672e+00   4.3765181e-01  -1.7312635e-01
   2.0000000e+00  -1.1190203e+00  -2.4190442e-01  -5.5597663e-01   3.9413296e-01   3.3712466e-01   2.3555288e+00
   2.0000000e+00  -2.7953659e-01  -2.3719466e-01  -3.7233646e-01   9.6499393e-01  -7.4131040e-01   2.4218371e+00
   2.0000000e+00  -1.5988253e+00   4.3128692e-01   2.2305518e+00   2.1734544e-01   4.2740939e-01  -7.0278324e-01
   2.0000000e+00   1.2664340e+00   5.6610299e-02  -1.1956539e+00   1.5879077e+00   1.9014898e+00   1.3369630e+00
   2.0000000e+00   1.9046844e+00  -5.2282275e-01   6.3898252e-01  -4.3807149e-01  -1.1063387e+00  -5.7629508e-01
   2.0000000e+00  -1.5047987e-01  -6.7621501e-01  -1.4766102e+00  -4.1288385e-01   7.3552928e-01   1.7156702e+00
   2.0000000e+00  -2.8913635e-01  -2.4787609e-01   7.6557029e-01  -3.8133108e-01   5.9536045e-01   1.2403125e+00
   2.0000000e+00   1.3252624e-01  -2.2142973e-01  -1.2349067e+00  -6.0657319e-01   1.1310115e-01  -8.9791048e-01
   2.0000000e+00   1.9736798e-02   2.0390703e+00  -6.5733197e-01  -1.2473626e+00  -3.6525269e-01  -1.8787509e-01
   2.0000000e+00   1.5371597e+00   1.7652061e-01  -4.6202661e-02  -4.7305830e-01   5.7018232e-01  -6.0172971e-01
   2.0000000e+00   1.1725924e+00  -8.6224631e-01  -2.2248331e+00  -1.0433750e+00   2.5732039e-01  -2.2664506e-01
   2.0000000e+00  -8.6008207e-01   5.3791322e-01   1.1474442e+00   7.8015827e-01  -3.8873221e-01  -1.1977817e+00
   1.0000000e+00  -5.8827232e-02  -1.0774389e-01  -1.3680071e+00  -9.9171417e-01   3.7101480e-01   3.8165623e-01
   2.0000000e+00  -1.9324263e+00  -2.6055603e-01   6.3452516e-01   5.3456804e-02  -3.8295786e-02  -6.3979496e-02
   2.0000000e+00   1.0887213e+00   6.1718379e-01   1.2862428e+00   1.4055166e-01   1.7241306e+00   4.7640366e-01
   1.0000000e+00   1.2208953e+00  -3.0900087e-01   9.1789919e-01   3.1714866e-01   5.5123133e-01   9.8606862e-02
   1.0000000e+00   1.1343537e+00   4.2990893e-01   3.5077004e-01   3.8548154e-01  -6.5047252e-01   1.6202277e-02
   2.0000000e+00  -1.2067544e+00  -3.9245682e-01   9.1722652e-01  -7.9203600e-01  -9.8701918e-01  -7.3780810e-01
   1.0000000e+00   4.7411637e-01  -1.4545054e+00  -2.2366617e-01  -5.6057153e-02  -1.7465378e-01   4.3477491e-01
   2.0000000e+00  -7.9502303e-01   7.0877783e-01   2.5667627e-01   1.7474897e+00  -1.0440433e+00  -1.2505975e+00
   2.0000000e+00  -8.4465760e-01  -8.5835943e-01  -1.7071777e+00  -1.6437919e+00  -1.8042794e+00  -9.6345006e-02
   2.0000000e+00  -2.0217421e-01   1.8789706e+00   1.4746114e+00   2.0483803e+00  -1.3362536e+00   1.9137419e+00
   2.0000000e+00  -1.0764693e+00  -7.7705119e-01   1.1094840e+00  -3.0034794e-02  -1.6423742e+00   1.5688590e-01
   1.0000000e+00   5.0881966e-01   1.4208986e+00  -5.0634256e-01  -4.6957762e-01   7.7520015e-01   2.4300438e-01
   2.0000000e+00   7.7988440e-01   4.3118787e-01  -2.8215248e-01  -8.7430768e-02   7.9813839e-01  -1.1413959e+00
   2.0000000e+00   8.7436003e-01  -7.8691337e-01  -2.3940882e-01   1.3919976e+00   7.5939290e-01  -7.7827149e-01
   2.0000000e+00   1.0235803e+00  -6.2258278e-01   1.4430314e+00   6.5207628e-01   6.8577797e-01   1.1284991e+00
   2.0000000e+00   2.0808835e-02   1.6649766e+00   1.0056736e+00   7.9647711e-01   9.6274087e-01  -1.6562265e+00
   2.0000000e+00   8.2784487e-01   3.1107424e-01   2.9767577e-01   1.6134245e+00  -6.1537667e-01   2.0422328e+00
   2.0000000e+00   5.1905105e-01   1.3430224e+00   5.6089691e-01  -1.3452186e-01   8.5654428e-03  -9.9978451e-01
   1.0000000e+00  -6.4980584e-01  -2.3865242e-01  -1.2197087e+00  -1.7605011e+00  -3.6643747e-01   2.3329183e-01
   2.0000000e+00  -5.9560374e-01   1.2235374e+00   1.5126888e-01   4.2672143e-02  -1.2812997e+00  -1.8440184e+00
   2.0000000e+00   1.0672672e-02  -3.9959159e-01   1.4579585e+00   6.8639915e-01  -4.4324285e-01  -7.5877650e-01
   2.0000000e+00   1.4466969e+00  -6.2972785e-01  -9.3934279e-01   3.3397122e-01   1.3073493e+00  -2.1389153e+00
   1.0000000e+00  -7.7925391e-01   3.0288733e-01   2.7147612e-01  -1.7298465e-01  -3.9234742e-01   7.0738704e-01
   2.0000000e+00   4.7113386e-01  -1.0626248e+00   4.5870438e-01  -6.6716737e-01  -1.8193689e+00   1.9133219e-01
   1.0000000e+00  -5.4765659e-01   5.5366909e-01  -1.1324279e+00  -1.7425596e+00  -7.6716759e-01   4.7408431e-01
   2.0000000e+00  -2.8054163e-01   2.3085737e-01   2.3481151e-03  -1.4272861e+00   1.2936706e+00   4.1168512e-01
   2.0000000e+00   2.2801342e-01  -6.0094625e-01  -5.1964355e-01  -3.8167773e-01  -3.8966440e-01  -6.0489672e-01
   1.0000000e+00  -6.7509494e-01  -8.8779627e-01   1.0818152e+00   1.0806231e+00   2.3129163e-01   1.2603051e-01
   2.0000000e+00  -1.3942105e+00   6.0065993e-01  -1.9987334e+00  -9.6852296e-01  -1.0707115e+00   6.7347142e-01
   1.0000000e+00   4.5521440e-01  -2.3958984e-01   1.1022466e-01  -8.3107330e-01   8.6237963e-01   3.3153204e-01
   2.0000000e+00   1.0443334e+00  -7.9497887e-01  -1.8768519e+00   4.0553989e-02   1.1008824e+00  -9.5297653e-01
   2.0000000e+00   3.9507541e-01   2.0465573e-01  -1.0243872e+00   1.0844452e-01  -1.0436801e+00  -2.1786074e+00
   2.0000000e+00   1.3162843e-01   1.7882239e-01   1.1737405e+00   1.7245198e+00  -1.4560134e+00   1.4260230e-01
   2.0000000e+00   6.4080898e-01  -2.2304528e-01   1.5958918e+00  -2.4875919e-01  -6.9766258e-01  -1.1973020e+00
   2.0000000e+00  -9.7305186e-01   3.9046641e-02  -1.2252874e+00  -1.1138839e+00   7.3204776e-02   1.3316706e+00
   2.0000000e+00  -1.3278378e+00   1.2850999e+00   1.2731938e+00   8.3072748e-01  -3.1471974e-01  -7.6969782e-02
   2.0000000e+00   1.5111557e+00   3.8738726e-01  -9.1825948e-01  -1.3967706e+00  -5.4671419e-01  -3.9091123e-01
   2.0000000e+00   6.2702302e-01  -7.1546602e-02   1.7998021e+00  -3.0818323e-01   4.5205050e-01  -4.8860585e-01
   2.0000000e+00  -5.6726803e-01  -8.3002043e-01  -6.4295320e-01  -1.0838549e+00   1.6269622e+00  -2.6025295e-01
   2.0000000e+00  -7.6316129e-01  -1.4987915e-01   1.0762752e-01  -1.6900116e+00   6.0584594e-01  -4.6093025e-01
   2.0000000e+00  -2.1854759e+00   5.1106070e-01   1.0420072e+00  -7.4542160e-01  -1.5180849e-01   9.0798787e-01
   1.0000000e+00  -1.1538299e+00  -9.6367046e-01  -9.5792342e-01  -1.6409130e+00  -7.8764412e-01   3.1594732e-01
   2.0000000e+00   4.1273475e-01  -1.1033271e-01  -4.7735843e-01  -8.3829978e-01  -1.2841972e-01   2.7990374e+00
   2.0000000e+00   5.8600370e-01  -8.1969144e-01   1.3318364e+00  -4.0715098e-01  -8.2547860e-02   1.1641562e+00
   2.0000000e+00  -5.7177405e-01  -2.9163653e-02  -6.1760537e-01   8.4853838e-01  -9.0861924e-01  -3.2645908e-01
   2.0000000e+00   7.6531061e-03   1.0092990e+00  -5.2646622e-01  -1.8464127e-01  -4.6886796e-01   1.4599408e+00
   1.0000000e+00   1.4873278e+00  -5.9419682e-01   7.2022508e-01   1.1014099e-01  -2.5812176e-01   1.6389913e-01
   2.0000000e+00  -1.1769598e+00   6.8849962e-01  -5.5829312e-01   3.5484337e-01  -9.1375932e-01   8.4158679e-01
   1.0000000e+00   5.6016553e-01   1.0939829e+00   1.8995464e-01   7.7180984e-02   6.9575599e-01   2.7814311e-01
   2.0000000e+00   1.1334338e+00  -7.5160794e-01   1.1721037e+00  -6.0146994e-01   8.3146018e-01  -3.8151265e-01
   2.0000000e+00   2.4919641e-01  -6.4718079e-01  -3.5985454e-01   5.7094315e-01   2.4904474e+00   1.2894702e+00
   2.0000000e+00  -2.6699743e+00  -1.4239780e+00  -8.4343064e-01  -1.7353727e+00  -9.4746204e-01  -1.7855823e+00
   2.0000000e+00   8.3675026e-01   1.4888203e+00  -3.5077830e-02   2.3547783e-01   1.1406601e-02  -3.7940392e-01
   2.0000000e+00   8.3737724e-01   4.2896745e-01  -8.0920632e-01   2.1262600e-01  -1.5192173e+00   2.0856719e+00
   2.0000000e+00  -6.9705049e-02  -4.7485301e-01  -1.4003301e+00   1.5236378e+00  -5.7382689e-01   1.0338461e+00
   2.0000000e+00   1.3660153e-01   3.6274189e-01   2.7383289e-02   1.0334495e+00  -9.9408513e-01   1.2584450e-01
   2.0000000e+00  -1.1802938e-01   2.4912022e-01  -1.2558738e+00   3.4293908e-01  -3.4197466e-01  -7.9892724e-01
   2.0000000e+00  -6.5815147e-01  -9.4575894e-01   3.8064458e-01  -2.4755871e-01   6.8874008e-01  -2.7205751e-01
   2.0000000e+00  -1.8602507e-02  -3.6892932e-02   4.1947694e-01   5.7453329e-01   9.6491974e-01  -8.5783261e-01
   2.0000000e+00  -4.8983752e-01   8.0282410e-01   1.8131776e-01   7.2176514e-01  -1.3831868e+00  -9.0691386e-01
   2.0000000e+00   2.8795863e-01  -1.1581364e+00  -1.0046744e-01  -2.6837465e-01   9.3384536e-01   1.7797130e+00
   2.0000000e+00  -2.8320400e-01   6.8508800e-01  -6.3841052e-01   4.9007872e-01  -3.6910712e-01  -7.7375258e-01
   2.0000000e+00   9.7817968e-02   1.8695704e+00  -6.9827503e-01  -4.1787004e-01   1.5889994e-01   1.6505331e+00
   1.0000000e+00  -5.3931462e-01  -2.7525807e-01  -8.1833986e-01  -4.5132254e-01   3.4851595e-01   9.3605534e-01
   1.0000000e+00  -1.9028332e+00  -1.6777684e+00   6.1046736e-02  -1.9135728e-01   5.8439886e-01   1.0977944e-01
   1.0000000e+00   1.1188369e+00   5.2869624e-01   3.5586150e-01   1.4665824e+00  -3.5368320e-01   4.2803124e-01
   1.0000000e+00  -1.4441129e-01   1.9589055e+00  -5.2678143e-01   4.6016379e-01  -6.1542761e-01   8.7719399e-02
   2.0000000e+00  -1.9566770e-01  -5.0806427e-01   1.8703242e+00  -8.3798613e-01  -7.9182042e-01  -2.1593921e+00
   2.0000000e+00   3.7059748e-01  -7.4421808e-01   1.1126149e-01   3.3351240e-01  -1.7850194e+00   2.9827229e+00
   2.0000000e+00   3.3408923e-01  -5.2318724e-01   1.7676789e-01  -3.1325791e-01  -4.1601671e-01  -1.5563314e+00
   2.0000000e+00   1.7200220e+00  -1.1075884e+00  -5.5421516e-02   4.9609736e-01   2.0157026e+00  -2.4195853e-01
   2.0000000e+00   1.0924497e+00  -2.4878373e-02  -1.0811302e-01  -8.2640516e-02  -4.6055763e-01  -1.6631933e-01
   2.0000000e+00  -5.4105833e-01  -6.9478575e-01   9.4492771e-01  -6.9815258e-01   2.1647526e+00  -1.3250621e+00
   2.0000000e+00   1.5170429e-01   1.0613141e+00   3.4069903e-01  -1.0804658e+00  -1.2600627e+00   5.2738717e-01
   2.0000000e+00   3.8181331e-01  -2.0107177e-01   1.7209172e+00   3.1878631e-01  -1.2324589e-01  -7.5714992e-01
   2.0000000e+00   1.4211480e+00  -1.9257274e-01   3.6533375e-01  -1.2001216e+00  -6.1852419e-01  -1.0100288e+00
   1.0000000e+00  -4.4708817e-01  -3.3589589e-02  -5.8109893e-01   3.4790065e-01  -6.0340465e-02   3.3684838e-01
   2.0000000e+00  -5.9883217e-01  -7.0459488e-01   1.2824394e+00   4.1239473e-02   2.2929991e+00  -2.7425857e-01
   2.0000000e+00  -1.5992842e+00   5.8756505e-01   1.7682887e+00   1.5624757e+00  -3.2139250e-01  -6.4627621e-01
   2.0000000e+00  -1.3050539e+00  -6.1748790e-01  -1.9317958e+00  -1.5024054e+00   1.8492909e+00  -5.4969976e-02
   2.0000000e+00  -9.5737920e-01  -8.1316623e-02  -7.9496857e-01  -3.3776525e-01  -1.3886343e+00  -6.2909195e-02
   2.0000000e+00  -6.8602446e-01  -1.9139820e+00   8.7043308e-01  -5.3602108e-01   6.7600029e-01  -1.6564820e-01
   1.0000000e+00   1.1736767e+00   4.0616909e-01  -9.3839961e-03   5.0115793e-01   3.4924190e-01   7.6143117e-01
   1.0000000e+00   6.3860249e-01   3.8024149e-01   1.4780279e+00   2.8040321e-01  -4.6850149e-01   5.3499425e-01
   2.0000000e+00  -7.0137527e-01  -7.9085485e-01  -5.4235304e-01  -1.7716583e+00   1.8595410e+00  -1.8984230e+00
   2.0000000e+00   1.4055905e-01   6.4588162e-01  -3.3057310e-02  -1.3263680e-01   2.3032268e-01  -5.1955779e-01
   2.0000000e+00  -7.1894059e-01  -1.0127587e+00  -1.6400211e-01   4.5381128e-02   2.2734518e+00  -1.5887445e-01
   1.0000000e+00   9.7369106e-01  -4.1492689e-01  -3.6490622e-01  -1.4316918e-01  -2.4049260e-01   3.9435161e-01
   2.0000000e+00  -4.4162970e-01   1.9822620e-01  -5.2366766e-01   1.0566258e+00  -1.2045997e+00  -1.4866807e+00
   2.0000000e+00   2.7848214e-01  -1.1129007e+00  -2.6753570e+00   1.3641416e+00  -1.9304878e+00  -8.6443295e-01
   2.0000000e+00  -1.2378994e+00  -2.9679139e-01   1.7456272e-01   9.5235864e-01   8.9557443e-01   9.8244195e-01
   2.0000000e+00   7.7705182e-01  -2.9504171e-01   7.5902994e-01   1.9136483e+00  -7.0097443e-01  -1.0521284e+00
   2.0000000e+00  -1.7977526e-01  -8.7956249e-01   2.1353208e+00  -5.4664708e-01   1.1631001e-01  -1.0857026e-01
   2.0000000e+00   1.7672212e-01  -1.2290909e-01   4.6917139e-01  -1.1701020e+00   1.1435121e+00  -4.1704358e-01
   2.0000000e+00  -6.0970853e-01   9.5074810e-01  -5.0556746e-01   3.6029289e-01  -2.0062904e+00   1.4598546e-01
   2.0000000e+00  -6.5748199e-01   1.0024969e-01  -3.4469254e-01  -3.5641891e-01  -2.1161851e+00  -2.2534088e-01
   2.0000000e+00  -6.1921792e-01   3.5418898e-01  -1.7967391e-01   1.0470993e+00  -2.0785786e+00  -4.8283838e-01
   2.0000000e+00  -1.0898558e+00  -3.6204158e-01   1.1521891e+00  -2.4946365e+00  -8.8914196e-01   4.7734679e-01
   2.0000000e+00  -1.2506990e+00   1.4931531e+00   1.1560616e-01   2.8520195e-01   1.8457333e+00  -3.8958644e-01
   2.0000000e+00  -1.0045234e+00  -3.2939733e-01   1.6147352e+00  -1.4403237e-01   1.6889646e+00  -1.2722697e+00
   2.0000000e+00   2.5606995e+00   1.2296592e+00   5.5093169e-02  -7.4587060e-01  -1.7052412e+00   1.2229954e+00
   2.0000000e+00  -6.0024008e-01  -5.3032910e-01  -7.4887985e-01  -1.3617559e-01   5.9438961e-01  -6.7954044e-01
   2.0000000e+00  -1.7235485e-02   9.8090239e-01  -1.5949790e+00   2.6747843e+00   1.8080866e+00  -2.6628266e-01
   1.0000000e+00  -7.8578483e-01  -1.5158321e+00   1.8218738e+00   4.0034016e-01  -9.7144629e-02   1.0176075e-01
   2.0000000e+00   4.8942988e-01   5.7179168e-01   2.5380920e-01   2.1893570e-01   9.3432682e-01   4.4046519e-01
   1.0000000e+00   1.6787542e+00   9.8190049e-01   1.3956546e+00   1.0047434e+00  -2.4368347e-02   3.6705895e-01
   2.0000000e+00  -1.5649306e+00  -1.6656653e-01  -2.1578457e+00   9.0883582e-02   9.7170430e-01  -1.4087812e+00
   2.0000000e+00   1.5314316e+00  -9.8338555e-01  -2.0930457e-01  -9.8153480e-01  -2.3234614e-01  -5.6770340e-01
   2.0000000e+00   1.3386134e+00   9.6535828e-01  -2.2307555e+00   1.5313942e+00   6.2707967e-01   2.1375014e+00
   2.0000000e+00   1.5958747e+00  -5.3718801e-01  -1.6257523e-02  -1.7173718e+00  -3.9115600e-01   1.0941461e+00
   1.0000000e+00   7.0982311e-01  -8.1389800e-01   8.8884561e-01   5.9532893e-01  -9.0026749e-02   4.0317050e-01
   1.0000000e+00   3.0267657e-01   8.8817562e-01  -6.2341117e-01   9.5632659e-01   3.4681635e-01   4.1289426e-01
   1.0000000e+00   1.6467033e+00  -1.3251043e+00  -9.7463138e-03   2.3417723e+00  -1.8475220e-01   9.0185412e-01
   2.0000000e+00   6.2484169e-01   1.7832617e+00  -6.2849036e-02  -6.4730663e-01   9.2696659e-01   6.6488506e-01
   1.0000000e+00  -1.0489335e+00   8.2212608e-01  -7.5575604e-01  -7.8532028e-01   5.8840568e-01   3.2845335e-01
   1.0000000e+00  -1.2575443e+00   1.1896775e+00   6.5069898e-01   7.5381209e-02   1.6762539e-01   4.7345454e-01
   2.0000000e+00  -3.1994308e-01   9.1320434e-02  -3.6077754e-02  -9.7686848e-01   7.8856355e-01  -4.9726446e-01
   1.0000000e+00   7.6774031e-01   1.5348435e+00  -9.2812376e-01   5.9863949e-01  -3.8882809e-02   4.3982694e-01
   2.0000000e+00  -1.8105594e+00  -2.6938076e-01   6.1222563e-01   3.5390050e-01  -1.3078165e+00  -6.3579299e-01
   2.0000000e+00   1.2615343e+00   7.4106061e-01  -6.3536002e-02  -1.0757518e+00  -1.8645437e+00  -9.4616255e-01
   2.0000000e+00  -1.5408465e+00  -2.6347551e+00   1.2464713e+00  -5.1259872e-01   1.4910773e+00   2.2991902e+00
   2.0000000e+00  -1.0989786e+00  -1.2726719e+00   4.7484196e-02   4.3611350e-01   9.6663128e-01   7.8840940e-01
   2.0000000e+00   1.0706933e+00  -4.1875590e-01   6.0752216e-01   1.2023896e+00  -1.0264644e+00   6.5288805e-02
   2.0000000e+00  -2.6152228e+00   8.4868579e-02   1.2675235e+00  -8.1299207e-01   1.3754454e+00   4.8168510e-01
   2.0000000e+00   6.3267679e-01   7.0398107e-01  -2.6127473e-01  -1.4942199e+00   6.3376791e-01  -1.3064069e+00
   2.0000000e+00  -1.0645804e-02   1.3506649e+00  -7.6765925e-01  -8.4821275e-01   4.5684825e-01  -4.3780638e-01
   2.0000000e+00  -4.6434617e-01   6.5628343e-01  -6.2575803e-01  -8.4659795e-01  -1.7032550e+00   6.3041627e-01
   2.0000000e+00  -1.8544526e-01   1.6711117e-01  -1.6476055e-01  -5.6546639e-01  -3.6138891e-01  -7.1004146e-01
   2.0000000e+00   8.8776625e-02  -2.1922379e+00  -7.6919833e-01   1.1767749e+00   1.8340482e+00   1.7687787e+00
   1.0000000e+00  -2.3623442e-01   1.4342360e-01   9.6223568e-01  -2.9414648e-01   4.3087076e-02   8.8057295e-01
   2.0000000e+00   1.1914971e+00   4.2551821e-01  -8.7169380e-01  -1.4602658e+00   6.9811307e-01  -2.3457730e-01
   1.0000000e+00   5.1745411e-01   2.0292373e-01   6.2256992e-01  -1.2041856e+00  -4.2535360e-01   6.8778275e-01
   2.0000000e+00   4.5412705e-01   7.8201335e-01  -1.5556305e+00  -2.9849905e-01  -4.8431171e-01   8.9666436e-01
   2.0000000e+00  -9.3434664e-01  -8.1928388e-03   3.5518438e-01  -5.7429304e-01  -2.0414780e+00   4.4372599e-01
   2.0000000e+00  -9.9440607e-01   6.0410233e-01  -2.0301513e+00   1.8233387e-01   5.5018486e-01  -4.1604862e-01
   2.0000000e+00   2.0453134e+00  -1.2480161e-01   7.6074374e-01  -2.8627747e-01  -2.9002140e-02   1.1827088e+00
   2.0000000e+00   1.2327158e+00  -1.3917276e-01   1.8257752e+00   1.4226025e+00   9.7094799e-01  -6.4110471e-01
   2.0000000e+00  -1.0330622e-01   5.4620672e-01   2.7425265e-01  -1.1090692e+00  -4.8526101e-01  -8.8479158e-01
   2.0000000e+00  -3.4895196e+00   2.4370684e-02  -1.3437853e+00  -2.1617774e+00   5.0187541e-01  -3.2300890e+00
   2.0000000e+00  -7.6006254e-02   1.9738361e+00   9.5859808e-01  -3.3223778e-01   2.6495289e-01  -2.5725615e-01
   2.0000000e+00  -4.3988914e-01   4.3861862e-01  -2.5235450e-01   2.2528705e+00  -8.4373851e-01  -9.8867694e-01
   1.0000000e+00  -2.2252155e-01  -6.7950326e-01  -1.4145900e+00   1.7492366e-02   4.0346084e-01   4.5935149e-01
   1.0000000e+00  -1.4602903e+00   7.7648230e-01   3.2164535e-01   7.1769262e-01   9.3115679e-01   8.6113274e-06
   2.0000000e+00   1.2671988e+00  -6.7602265e-01   2.6123975e-01  -4.8302058e-01   8.1866004e-01   1.1990295e+00
   1.0000000e+00   1.0119445e+00   1.0691203e+00   1.7901976e+00   8.1431088e-02  -8.0862317e-01   1.3520963e-01
   2.0000000e+00   5.8096908e-01  -6.4371884e-01  -2.0503510e+00   2.9737189e-01   1.4701403e-01  -1.6112448e-01
   1.0000000e+00  -9.9041797e-01  -2.3422281e-01  -1.2965935e-01   8.7983201e-02   6.5787431e-01   3.0187201e-01
   2.0000000e+00  -9.1141355e-01  -5.7777964e-02  -5.9567824e-01  -5.9033266e-01  -4.5802804e-01  -1.0562757e+00
   2.0000000e+00  -9.9384367e-01   2.1252691e+00  -1.0920056e+00   2.1973620e+00   6.0979283e-01   9.9563492e-01
   2.0000000e+00   1.2496604e-01  -1.5257119e+00  -4.2901832e-01  -6.5391732e-01  -9.6632702e-01  -9.7485662e-01
   2.0000000e+00  -1.1322333e+00  -6.0842687e-02  -1.4812045e+00   3.3967621e-01   1.1745774e-01  -7.8196157e-02
   2.0000000e+00  -5.7272090e-01   4.2072331e-01  -7.7741803e-01  -1.3073478e+00  -4.0950161e-01   2.2382645e+00
   2.0000000e+00  -2.2506948e-01   1.1007057e+00   4.1116466e-01  -1.7091772e+00  -4.4244212e-01  -5.1121115e-01
   1.0000000e+00  -8.6064674e-01  -2.2211243e+00  -4.1409074e-01  -2.2580537e-01   2.7778411e-01   2.5149005e-01
   2.0000000e+00   6.1856719e-01  -2.2412185e+00   1.7872822e-01   1.4659933e-01  -7.6849025e-01  -4.3257141e-01
   2.0000000e+00  -9.2040058e-01  -3.9238345e-02  -2.6864394e-01   8.4481696e-01  -2.2741931e+00  -3.0547545e+00
   2.0000000e+00  -3.9948638e-01   1.4032183e+00   6.7262265e-01   1.0722172e+00   6.3910107e-01  -1.1002336e+00
   1.0000000e+00  -7.4175615e-01   1.8650515e+00   3.9787876e-01  -1.1948723e+00   7.0959192e-01   6.0259379e-01
   2.0000000e+00  -6.5183294e-01   8.8543126e-01   8.2072454e-01   7.7616647e-01   1.1887405e+00   3.3512800e-02
   2.0000000e+00  -1.3620585e+00   2.6906835e-01  -1.1239606e+00  -1.0741205e+00  -1.0048820e+00  -2.0401688e+00
   2.0000000e+00  -6.5322645e-01   2.8077750e-01   9.1115184e-01   7.0966982e-01   1.5834410e+00  -7.6322464e-01
   2.0000000e+00  -1.1443031e+00   7.7069466e-01   7.4878467e-01  -1.2597013e+00  -9.5210170e-01   7.1510992e-01
   1.0000000e+00   3.5994190e-01   1.0324459e+00  -7.9076977e-01   7.8863897e-01   5.6603612e-02   6.4675449e-01
   2.0000000e+00  -6.1105069e-01  -1.0933552e+00  -5.6309999e-02  -5.4515880e-01   8.9436150e-01   1.0021844e+00
   1.0000000e+00  -8.6285336e-01   1.0104458e+00  -9.8826997e-02  -1.8483149e-02   3.2629381e-01   4.5496225e-01
   2.0000000e+00  -8.8289072e-01  -3.6331610e-01  -1.5620767e+00  -1.4159785e+00   1.3275570e+00   8.4715913e-01
   2.0000000e+00   8.9761981e-01   1.3662224e+00   8.4115555e-01  -9.1857533e-01   2.0377454e+00  -7.7585397e-01
   2.0000000e+00  -3.4924229e-01  -1.1713929e+00   3.7306111e-01   1.7568034e+00  -9.6672271e-02  -1.5960538e+00
   2.0000000e+00  -2.5076466e-02   3.6332840e-02   4.2966629e-01   3.7058437e-01   1.9451224e+00  -1.4669570e+00
   2.0000000e+00   1.1010348e+00  -1.1715178e+00   1.2841073e+00  -4.9998639e-01  -3.9852653e-01   1.2716429e+00
   2.0000000e+00  -1.4614899e-01   6.6102873e-01   3.2181322e-01   3.9272574e-01   8.7517414e-01   1.1569469e+00
   2.0000000e+00  -2.0270666e+00  -7.4612553e-02   1.3949478e-01   1.4589505e+00  -3.2326118e-01  -5.1092560e-01
   2.0000000e+00   1.9674939e-01   9.6287596e-01  -7.2245734e-01   2.1758721e-01  -4.9856392e-01  -4.6401364e-01
   2.0000000e+00  -7.8261661e-01   3.7868248e-01   1.8000894e+00   6.0873066e-01   1.0705086e+00   1.6531140e+00
   1.0000000e+00  -7.9445715e-01   1.1473947e+00  -8.5705786e-01   1.4588516e-01   5.8392639e-01   3.8252117e-01
   2.0000000e+00  -1.7471909e-01  -1.6357146e-01   7.2738340e-01   4.8972793e-01   1.0094224e+00  -6.4320642e-01
   2.0000000e+00  -1.7128500e-01   6.6341859e-01  -1.4029086e-01  -2.0685338e+00   5.7966853e-01  -8.1502402e-02
   2.0000000e+00  -3.4417612e-01  -1.4916849e+00  -8.4173431e-02   6.1342813e-01  -1.2925241e-01  -2.8235430e-01
   2.0000000e+00   7.3224167e-01  -1.6845210e+00  -8.1672961e-02   1.2899028e+00   1.1638571e+00  -3.3180539e-01
   1.0000000e+00   1.4182158e+00   1.0032854e+00   1.0085234e+00  -1.8983098e+00   9.3399526e-02   4.6372208e-01
   2.0000000e+00  -2.3130596e+00   6.0865726e-01   6.9785564e-01   9.3899386e-01  -1.4324995e-01  -1.0969302e+00
   2.0000000e+00   4.0832285e-01   5.0537143e-01  -4.7207250e-01   2.0551018e+00   4.4565313e-01  -3.6084968e-01
   1.0000000e+00   5.6996705e-01  -1.6884306e+00  -1.6080446e+00   3.9226289e-01   6.2113897e-01   6.2567555e-01
   2.0000000e+00  -1.1838431e-01  -2.0347489e+00  -2.6147045e-01  -4.0642964e-01  -6.3977886e-01  -1.3215853e-01
   2.0000000e+00  -3.6203963e-01  -1.1818451e+00  -1.1860200e+00   2.6160062e-02  -1.8094910e+00   6.0283150e-01
   2.0000000e+00   1.2777768e-01   8.7742146e-01  -1.3114717e+00  -6.2749762e-01   6.9921254e-01  -4.7286157e-01
   2.0000000e+00  -4.6964244e-01   9.7626952e-01  -4.8526254e-02  -3.9438400e-01  -8.8550650e-01   6.0721530e-01
   1.0000000e+00   2.1457148e-01  -1.0871612e+00  -1.7268474e+00   1.6337186e-01   4.7848840e-01   1.6365243e-01
   2.0000000e+00   1.7384176e+00   6.5495203e-01   3.0422848e-01   9.2121816e-01   1.9248067e+00   4.3894828e-01
   2.0000000e+00  -1.6154314e+00  -1.1575756e+00  -1.9516991e-01   1.1639778e+00  -1.0041807e+00  -1.3525510e+00
   2.0000000e+00  -1.5162982e-01  -7.9106240e-01   2.0706098e-01  -1.4743402e+00  -2.3926236e-01  -3.7852690e-01
   2.0000000e+00   5.0822017e-01   6.7154239e-01  -1.0764459e+00   6.6103012e-01   1.1449728e+00  -5.1374913e-01
   2.0000000e+00  -1.0889901e+00  -1.9668672e-01  -9.9328406e-01   4.7482709e-01  -1.1975273e-01  -1.1517053e+00
   1.0000000e+00  -1.3817770e-02   2.5028282e-01  -4.3165279e-01  -9.3753981e-01  -4.4204907e-01   4.9427538e-01
   2.0000000e+00   1.1621496e+00  -1.9851320e-01   1.2903474e+00   3.6887783e-01   1.2401124e+00  -5.9387744e-01
   2.0000000e+00  -1.5605859e-01   9.6876767e-01   5.4269546e-01  -6.3963887e-01   1.9917312e+00  -1.1987557e+00
   2.0000000e+00   4.4652647e-01   3.4618629e-02  -1.0150648e+00  -1.0662949e+00  -1.7619477e+00   1.4414399e+00
   2.0000000e+00   6.5169054e-01   1.4812647e+00   1.0279507e+00   6.5938666e-01  -1.6192791e+00  -2.6683638e-01
   2.0000000e+00   1.5721476e+00   1.7366250e+00  -2.6149423e-01  -9.9338284e-01  -1.9982514e-02  -4.9356906e-01
   2.0000000e+00   4.1227737e-01   8.0471862e-01   9.0554925e-01   3.4883861e-03  -2.2286326e+00  -6.5452681e-01
   2.0000000e+00   4.4860850e-01   6.7256289e-01  -4.4832195e-01   4.1566060e-01   5.3123775e-01  -5.8847332e-01
   1.0000000e+00   9.2269983e-01  -3.8451517e-01   3.0069221e+00   1.3865333e+00   5.6193637e-01   5.7328779e-01
   2.0000000e+00  -4.4873771e-01  -3.8511816e-01  -1.8700750e+00  -4.4552660e-01   1.1071119e+00   1.5325983e-01
   2.0000000e+00   7.6238897e-02   7.8688190e-01  -8.0051161e-02  -1.0666117e-01  -8.5085290e-01   9.7109990e-01
   2.0000000e+00   1.7173315e-01  -9.0563683e-03   1.0360603e-01  -4.6582925e-01  -1.6336684e+00   4.3099096e-02
   2.0000000e+00   6.8338952e-01  -1.8210386e-01   8.1822591e-02   1.2771049e+00   2.1804923e-01  -1.1567289e+00
   1.0000000e+00   1.1117107e+00   2.9061837e+00  -3.7125990e-01  -1.1312592e-01   6.2164172e-01   1.2788698e-02
   2.0000000e+00   1.3868714e-01   1.3532102e+00   4.0069527e-03  -9.7965108e-01  -5.8358043e-01  -7.2978327e-01
   1.0000000e+00  -1.4159691e-02   2.5287846e-01   1.4553802e+00  -5.1597523e-01   1.0456155e-01   7.0510062e-01
   2.0000000e+00  -9.2345591e-01  -1.7851409e+00   1.1542773e+00  -3.1209195e-01   7.1776069e-01  -1.3272929e+00
   2.0000000e+00  -5.9515812e-01   7.0033350e-02  -2.2672124e-01   2.0213810e-01   1.1285000e+00  -2.2004980e+00
   2.0000000e+00  -7.3801121e-01   4.2167739e-01   2.7572578e+00  -1.0582010e+00   1.3057142e+00   8.7898112e-02
   2.0000000e+00  -1.3692312e+00   5.6429143e-01   5.7439281e-01  -1.5225531e+00  -4.3281749e-01  -4.4091296e-02
   2.0000000e+00  -2.7037166e-01  -3.5363503e-01   4.2990603e-01   1.0191957e+00   1.2560003e+00  -1.2225885e+00
   2.0000000e+00  -1.3981230e+00   2.0750064e-02  -7.4200133e-01   5.0396915e-01  -2.5665384e+00   1.9112162e+00
   2.0000000e+00  -9.4967011e-01   2.9325104e-01  -5.9140950e-01  -1.1314757e+00   1.1804259e+00   1.3030933e-02
   2.0000000e+00  -6.6002797e-01  -1.3085468e+00   1.7855506e+00   2.7648320e-01   1.3292621e+00  -6.4437455e-01
   2.0000000e+00  -1.2767135e-01  -3.7331432e-01  -1.0981759e+00  -9.0179245e-02   3.9257937e-02  -7.0460544e-01
   2.0000000e+00   1.4438828e+00   1.7003418e-02  -4.3698140e-02  -2.4253650e-02   2.7990071e-01   1.3067021e+00
   2.0000000e+00   1.6516243e-01  -8.7212875e-01   5.2051785e-01   2.5198847e-01   6.0448699e-01  -8.3014252e-01
   2.0000000e+00   3.8774062e-01   5.1598584e-02   5.8250185e-01  -2.0072938e-01  -1.3583445e+00  -9.9081073e-01
   2.0000000e+00   7.6649996e-01   2.0320039e+00   1.3039902e+00  -8.1146277e-01   9.2959277e-01  -1.3904962e-01
   1.0000000e+00   4.5030043e-01   1.8367894e-01  -4.2779550e-02   1.6794120e-01   2.1315229e-01   4.3597586e-01
   2.0000000e+00  -5.6095577e-01   1.1315289e+00   8.9871600e-01  -1.6421289e+00  -1.3437379e+00  -8.0983489e-01
   2.0000000e+00  -3.3080566e-01   1.1159835e+00   2.3758890e-01  -7.1030400e-01   1.2368826e+00   5.3367458e-02
   2.0000000e+00   6.4079884e-02  -1.0959534e+00   7.7227358e-01   3.6963980e-02   1.8060323e+00  -5.2773906e-01
   2.0000000e+00   4.1164001e-01   1.8901693e+00  -9.8438606e-01   5.2736765e-01  -2.4579186e+00  -6.3076902e-01
   2.0000000e+00  -6.1244539e-01   8.9046900e-01  -1.0434807e+00   4.9270724e-01  -1.1920417e+00   5.0708746e-01
   2.0000000e+00   1.3310379e+00  -1.6728701e-01  -1.0443992e+00  -1.5892545e+00   1.3245747e+00  -1.2271357e+00
   2.0000000e+00   2.5305400e-01   8.3175868e-02   7.1064358e-01  -6.4699100e-01   3.6821743e-01  -6.9502861e-01
   2.0000000e+00   1.6787176e+00  -4.9842828e-01   6.8068758e-01  -4.2552925e-02   1.8022934e-01  -4.8588930e-01
   2.0000000e+00   1.2771655e-02   7.8475805e-01  -1.4023414e+00   7.0973359e-02   8.9160263e-01  -1.4287589e-01
   1.0000000e+00  -5.9989056e-01  -1.0187821e+00   3.8022890e+00   5.0775606e-01   5.3241450e-01   2.3573488e-01
   2.0000000e+00  -5.7848069e-01  -9.3062495e-01   2.1251679e+00  -4.0741762e-01   1.3820881e+00  -3.6106133e-01
   2.0000000e+00  -5.3080116e-01  -6.8341620e-01   2.5240458e+00  -3.0860509e-01  -1.1213544e+00   1.1324010e+00
   2.0000000e+00  -3.5427278e-01  -5.1167411e-01  -2.1355361e-01   1.7145313e+00  -4.2275776e-01  -4.2741476e-01
   1.0000000e+00   1.2950100e+00   5.3622822e-01  -2.7100098e-01  -5.9622383e-01  -2.0021431e-01   2.0604613e-01
   2.0000000e+00   3.1924398e-01   4.8951668e-01  -6.7368266e-01   1.7255419e+00   1.1263174e-01  -2.0256535e+00
   1.0000000e+00   1.7370991e-01  -1.1789911e+00   1.0519988e+00  -1.0731906e+00  -3.9098247e-01   4.7341868e-01
   2.0000000e+00  -7.6480212e-01  -1.4400187e+00  -1.0272706e+00   5.3254155e-01  -5.6354816e-01   9.5325471e-01
   2.0000000e+00  -8.0264304e-01  -5.1636455e-01   1.7837129e-01   1.4221517e+00  -6.9790032e-01   8.4099879e-01
   2.0000000e+00  -4.9549317e-02   7.7987318e-02  -4.1100028e-01  -1.7479327e+00   1.4169122e+00   2.7713176e-01
   2.0000000e+00   9.0436790e-01   4.8436205e-01   1.4533070e+00  -6.3984134e-01   3.2652076e-01  -1.4273719e+00
   1.0000000e+00  -2.0951613e-01   4.0130432e-02  -6.7994129e-01   1.3779345e+00   4.1033074e-01   6.9330985e-01
   1.0000000e+00   1.0554733e-01   1.5245254e+00   5.6967485e-01  -5.4095963e-01   7.3842830e-01   4.2173548e-01
   2.0000000e+00   6.5460509e-01  -1.8612238e+00   1.2089942e+00   5.2297937e-01   2.2975219e-01  -1.6784061e+00
   2.0000000e+00   6.9933445e-02  -1.1295892e+00   4.6492679e-01  -2.0288864e+00  -9.2516712e-01  -4.1778163e-01
   2.0000000e+00   4.3102839e-01   5.0081505e-01  -5.4446019e-01  -7.0860873e-03  -4.8253318e-01  -6.7983169e-02
   2.0000000e+00   1.2505632e+00  -9.9904939e-01  -1.2881085e+00  -4.3692411e-01   1.5838095e+00  -1.0457034e+00
   2.0000000e+00   5.7026209e-02  -7.4600244e-01  -1.6227514e-01   6.3604836e-01   1.0943024e+00   3.2550971e-01
   2.0000000e+00   2.7663970e-01   2.6866106e+00   2.8574552e-01  -1.1124485e+00  -2.3480187e-01  -7.2326366e-01
   2.0000000e+00   2.6170636e-01   4.0208537e-02  -7.7246691e-01   1.0533761e+00  -1.1502428e+00   2.7407006e-01
   2.0000000e+00  -2.0703607e+00  -8.6736401e-01  -1.5182283e+00  -2.7833365e-01   3.2966162e-01  -7.3307888e-01
   2.0000000e+00   3.9917951e-01   1.2573829e+00   1.0050392e+00  -9.7172364e-01   1.8585550e+00  -9.4242177e-01
   2.0000000e+00   1.0005865e+00   5.1597491e-01   4.6821821e-01  -7.1132692e-01   5.2413042e-01  -3.1849473e-01
   2.0000000e+00   1.6162467e+00   5.7634032e-01  -7.9104417e-01   8.6220906e-01   2.2275453e-01  -2.4436567e+00
   2.0000000e+00   1.7050137e+00   3.1590215e-01   1.2587430e+00  -1.3261248e+00  -1.2514646e+00  -4.4404680e-01
   2.0000000e+00  -7.7521641e-01  -5.7724512e-01   2.6567024e+00  -2.3804621e-01  -2.4358828e+00   4.7917375e-01
   2.0000000e+00   1.1282809e+00   8.0397792e-01   2.2132697e+00  -5.3734941e-01   9.3012581e-01  -1.6485912e+00
   2.0000000e+00   7.9142418e-02  -4.8461013e-01   4.2012445e-01   4.4445344e-01  -7.4172667e-01  -4.0885912e-02
   2.0000000e+00   6.9719164e-01  -1.1977232e+00   5.0645230e-02  -1.6091868e-01  -7.6298158e-01   9.0387337e-01
   2.0000000e+00   2.6024049e-01  -6.8243386e-01   6.3134085e-01   1.4436039e-01  -2.4746651e-01  -1.7474698e+00
   2.0000000e+00   2.8653737e+00  -5.9869369e-01  -1.2718820e+00  -8.4154614e-01   1.0414270e+00   1.2198024e-01
   2.0000000e+00   3.1235706e-01  -1.5627557e+00   4.9796716e-01  -7.4641101e-01   1.0581451e+00   6.9059891e-01
   2.0000000e+00  -1.5076953e+00   5.7776491e-01   8.7980760e-01   2.5000022e-01   1.1009271e+00   8.9224870e-01
   2.0000000e+00   1.0099691e+00  -5.2153864e-01   2.1677256e+00  -2.0443063e+00   1.3489341e+00   1.1604864e+00
   2.0000000e+00  -1.2027145e+00  -2.2916214e+00   2.0009423e+00  -2.6592324e-01  -3.9841198e-01  -7.5977203e-01
   2.0000000e+00  -1.2417189e+00  -9.9493929e-01  -4.0014795e-01  -3.3918315e-01  -1.3618797e+00   1.1358525e+00
   2.0000000e+00   2.0895461e-01  -1.0195294e-02   7.7767703e-01  -4.4064244e-03  -8.3216588e-02  -1.7317988e-01
   2.0000000e+00  -7.1799693e-01   9.2516274e-01  -1.0637077e+00   1.0666496e-01  -8.9696451e-01   2.2747401e+00
   2.0000000e+00  -8.1423930e-02   3.5276567e-01  -1.0822091e+00  -1.8773170e-01   1.1844415e+00   5.5744141e-01
   2.0000000e+00   1.6412940e+00  -1.1865057e-01  -4.7280248e-01  -1.2002714e+00   5.4141698e-01  -6.0378716e-01
   2.0000000e+00  -3.3227129e+00   3.5700503e-01  -5.1770516e-01   9.5555398e-02  -8.0310787e-01  -1.8063014e-01
   2.0000000e+00   7.9775677e-01   3.2288080e+00   1.4921777e+00  -8.3321235e-01  -7.9102171e-01  -5.3135359e-01
   2.0000000e+00   3.3623807e-01  -6.1914160e-01   3.4636844e-01   4.5250641e-01  -2.1273092e-01  -7.8339494e-02
   2.0000000e+00   4.8197307e-01  -9.1401824e-01   5.4805011e-01   1.2013275e+00  -3.6141461e-01  -4.7631046e-01
   2.0000000e+00  -2.8488538e-01   1.1734327e+00   1.5608137e-01  -7.7349834e-01   1.0818282e+00   6.3823962e-01
   2.0000000e+00  -2.7643947e-01  -3.0975685e-01  -1.7365096e-01   3.5037317e-01  -4.9987268e-01   1.7078298e+00
   2.0000000e+00   1.0362532e-01   7.3787599e-01   7.0895445e-02   1.9663919e+00  -1.6367698e+00  -2.6423866e-01
   1.0000000e+00   1.3196328e+00  -1.3785576e+00  -7.4190343e-01  -7.9726807e-01  -3.5430131e-01   2.1230718e-01
   2.0000000e+00  -2.2774597e-01   4.3152745e-01  -1.2321714e+00  -7.2192687e-01  -5.0561054e-01   1.0666815e+00
   2.0000000e+00   1.2824547e-01   1.1106799e+00  -5.7264479e-01  -4.5439659e-01   9.2037096e-03  -2.7079257e-01
   2.0000000e+00   1.8189883e+00   9.3031367e-01   3.0598415e-01  -2.3813001e+00  -1.2175692e-01   1.1923069e+00
   1.0000000e+00   3.7758222e-01  -7.3641104e-01   1.0626870e-03  -1.7369990e+00   3.0984551e-01   5.0792578e-01
   2.0000000e+00   2.3090374e+00  -1.7155004e+00   1.2605434e+00  -1.9298449e+00   6.5395005e-01   4.8358638e-01
   2.0000000e+00  -1.6970561e-01   5.3299669e-01  -1.7699443e+00   1.7403525e-01   1.2136363e+00   1.6617739e-01
   1.0000000e+00  -1.6880600e+00  -1.6163574e+00   4.0064774e-01   8.7982618e-03  -4.6334418e-01   8.7507576e-01
   2.0000000e+00   4.8415174e-01  -7.3818423e-01   8.1779830e-02   1.2808919e+00   1.0473521e+00  -7.8067601e-01
   2.0000000e+00  -1.0584455e+00   1.0016280e+00  -4.8394988e-01  -5.7113312e-01   1.0503432e+00   2.9302807e-01
   2.0000000e+00  -1.1360040e+00   1.8431553e-02   4.8955486e-01   4.1841099e-01  -3.9577851e-01  -4.2210474e-02
   2.0000000e+00   4.9425715e-02  -1.1567930e+00   7.4077669e-01   3.0397689e-01   1.4486628e+00   3.1024543e-01
   2.0000000e+00   1.2881929e+00  -1.1869017e+00   4.7646885e-01   3.0401656e-01   1.1201453e+00  -4.4277122e-01
   2.0000000e+00   1.2571221e+00   8.4860936e-01   1.2166912e+00   2.3939247e-01  -2.0926437e+00  -1.3882357e-01
   2.0000000e+00  -1.2874746e-01   7.7114771e-01   5.2473987e-01   5.2974638e-01  -1.6707774e+00  -4.8325521e-01
   1.0000000e+00  -1.5006783e+00  -6.9722948e-01   6.1830861e-01   2.2809688e-01   2.9648366e-01   1.3529585e-01
   2.0000000e+00   7.3724560e-01  -2.6340068e-01   1.2682464e+00   2.9056116e-01   1.1197715e+00  -8.4139204e-01
   2.0000000e+00  -1.6323859e-01  -5.9262999e-01  -2.4439707e-01   1.2200130e+00  -5.6584906e-01   1.7910445e+00
   1.0000000e+00  -4.3492643e-01  -7.9967343e-01   2.5860343e+00   1.4206448e+00  -2.3510320e-01   1.1864557e-01
   2.0000000e+00  -4.3713361e-01   1.5877843e+00  -1.8230121e-01   9.1201663e-01   1.3377814e+00  -1.6545938e-01
   2.0000000e+00  -1.5735916e+00   5.7203258e-01  -6.3043070e-01  -7.0178295e-01  -1.0981330e+00  -3.9114712e-01
   2.0000000e+00  -6.0355358e-01  -1.2610531e+00   1.8729195e+00  -1.1584936e+00   5.7740629e-01   1.8232415e+00
   2.0000000e+00  -1.1320858e+00  -2.7935910e-01   2.8875659e-01  -9.4668604e-01   1.8810721e+00  -1.2127741e+00
   2.0000000e+00   5.6933467e-01  -8.4716984e-01   7.2287579e-01  -2.1424003e+00   1.0929118e+00   1.9471892e-01
   2.0000000e+00   1.4188400e+00   9.6111956e-01  -5.7470865e-01  -6.2136236e-01   1.2589825e+00  -5.6100507e-01
   2.0000000e+00  -4.5715271e-01  -1.2972624e-01   4.4543470e-01  -1.8532617e-01  -5.6652963e-01  -6.5255231e-01
   2.0000000e+00   2.7503858e-01   7.1072046e-01  -2.1267269e+00  -1.0233710e+00   1.7255151e+00   7.1675329e-01
   2.0000000e+00   5.4450414e-01   5.6205783e-01  -5.6150265e-01   3.9814134e-01   1.1666747e+00   2.4563226e-02
   2.0000000e+00  -9.0825306e-01   2.9906643e-01   2.2193245e+00   1.0376012e-01   6.1784847e-01   2.1383678e+00
   2.0000000e+00   1.0554592e+00   4.7143604e-01   3.8281039e-01  -6.3597391e-01   5.8004822e-02   1.3092919e+00
   2.0000000e+00   1.5027495e+00   2.2497067e-01   1.2985993e+00  -8.0793594e-01   2.3676303e+00   1.1759711e-01
   2.0000000e+00  -3.7980063e-02   3.1087758e-01  -5.5256279e-02   3.3364000e-01  -1.8860452e+00   2.6934520e-02
   2.0000000e+00  -2.0757282e-01  -5.7318883e-01  -2.2194937e-01  -2.1768608e+00   1.0483733e+00   1.1608739e+00
   2.0000000e+00   4.2689278e-01  -7.5550973e-01  -8.5666494e-01  -1.2521285e+00  -1.8906395e-01  -9.5205892e-02
   2.0000000e+00  -6.7867055e-01   1.1044339e+00   1.9307211e+00   1.5444333e+00  -1.4953983e+00  -1.1508580e+00
   2.0000000e+00  -1.8631726e+00   8.5354959e-01  -1.6165302e-01   9.4846311e-01  -1.0841672e-01  -1.7102530e-01
   2.0000000e+00   1.2555615e+00  -4.6654910e-01  -2.4356016e-01   1.7801606e+00  -1.0852229e+00   7.2078656e-01
   1.0000000e+00   3.0262710e-01   1.2759975e-01  -1.7170411e-03   9.5921329e-01  -8.9386546e-02   8.7809534e-02
   2.0000000e+00  -4.7391270e-01   1.7772874e+00  -1.2888646e+00  -1.4951458e+00  -1.2842149e+00   1.2031605e-01
   2.0000000e+00   3.6527653e-01   2.2778694e+00   7.1393540e-01  -1.1044107e+00   5.4215920e-01  -5.6452036e-01
   2.0000000e+00   9.6280312e-01   4.2795423e-01   1.2726925e+00  -7.8568286e-01   9.4167452e-01  -1.3684401e+00
   2.0000000e+00  -4.9226774e-01  -1.4900316e+00   8.0194606e-02  -8.4674128e-01   1.6873962e+00  -2.7222433e-01
   1.0000000e+00   1.7017989e+00  -5.3815797e-01  -1.7870447e+00   5.3193156e-01   4.2291427e-02   4.3122524e-01
   1.0000000e+00   2.9781779e-03  -7.9720212e-01  -1.9417082e-01   1.9204083e+00  -1.8581059e-01   2.8704528e-01
   2.0000000e+00   5.7377599e-01   3.1170394e-01   1.5185770e-01  -8.1423228e-01   7.3032382e-01  -9.5993657e-01
   2.0000000e+00   1.8266569e-01   6.4100250e-01  -2.0043757e-01  -4.7317884e-01  -1.1133795e+00   5.6784017e-01
   1.0000000e+00  -4.3967784e-03   1.6884630e+00   3.6697342e-01  -8.0823517e-01  -1.5875618e-01   9.4206521e-01
   2.0000000e+00   4.0608280e-03   5.1933618e-01  -1.7120392e+00   7.5002111e-01   1.8898183e+00   6.9766347e-01
   2.0000000e+00   7.4454700e-01   5.1277352e-01   1.1971185e+00  -1.5339208e+00   1.2569561e+00   1.3664173e-01
   2.0000000e+00   1.4444316e+00  -2.5608918e-01   3.9570232e-01   5.5552177e-01  -1.4129109e-01   2.1190825e+00
   2.0000000e+00   1.2856891e+00   2.3084075e-01   9.4916211e-01   1.7472921e-02   1.6371799e-01  -7.0347199e-01
   2.0000000e+00  -1.4701339e+00  -1.0623569e+00  -1.3584325e-01   1.4981033e+00  -1.1584304e+00  -1.2216383e-01
   2.0000000e+00  -5.7672350e-02  -9.6359427e-01  -1.2764370e+00  -1.8254309e-02   1.1267577e+00   5.9111978e-02
   2.0000000e+00  -1.4465280e+00  -6.2970587e-01   3.2084469e-01   7.4373374e-01   1.5082134e+00   1.9013583e-01
   2.0000000e+00   7.2883885e-01   9.9548749e-02  -4.1959604e-01  -1.9840887e-02  -9.0603521e-01   4.3349222e-01
   2.0000000e+00   2.0915907e-01  -4.2555944e-01   1.6433112e+00  -6.7734160e-01  -1.1007373e+00  -1.1573027e+00
   2.0000000e+00  -1.2564108e+00  -6.6046688e-01  -1.6813815e+00  -1.0103264e+00  -8.3427157e-01  -1.4323874e+00
   2.0000000e+00   3.0114679e-01   1.5067108e+00  -2.3863720e-02  -1.2576609e+00  -2.0008477e+00  -4.3263963e-02
   2.0000000e+00  -2.4198497e+00   2.0339886e+00   9.6555605e-01  -1.4827633e+00  -5.5771620e-01  -3.7917486e-01
   1.0000000e+00  -7.8639138e-02   9.6197443e-01  -1.3070293e+00  -2.4823718e-01  -6.8590426e-01   1.5431871e-01
   2.0000000e+00  -6.1535565e-01  -2.9995557e-01   2.2180925e-01   1.5766636e+00   1.1813332e+00   3.0246310e-01
   2.0000000e+00   2.0995949e+00  -1.0195142e+00  -6.3881337e-01  -2.3726540e-01  -8.8793615e-02  -1.2925059e-01
   2.0000000e+00  -1.2602869e+00  -7.1329811e-01   2.1311077e+00  -6.5084808e-01   1.9986459e-01  -1.7894540e-01
   2.0000000e+00  -3.6790681e-01  -1.3812305e+00   6.5027518e-01  -4.1570335e-01  -6.0629869e-01  -9.1356560e-01
   2.0000000e+00   1.2100209e+00   7.5682490e-01   7.7667808e-03  -1.3916151e+00  -2.4419766e-02   1.0721911e+00
   2.0000000e+00   5.7602282e-02  -5.5639232e-01  -4.3739529e-01   2.8895156e-01  -1.5808731e-01  -3.8841115e-01
   2.0000000e+00  -1.8347230e-01  -9.2949024e-01   1.3314067e-01  -3.4439852e-01   1.1854017e+00  -1.0277670e+00
   2.0000000e+00  -1.0320403e-01   4.1756885e-01  -3.9497181e-01   6.4905489e-01   1.5634258e+00  -1.1041552e+00
   2.0000000e+00   3.3181619e+00   7.8651845e-01   1.4908150e+00  -3.3145255e-01  -5.9354196e-01   5.0438449e-01
   2.0000000e+00  -6.7501700e-01   2.5149482e-01  -2.7303657e-01   7.2868819e-01   9.7258500e-01  -9.0476292e-01
   2.0000000e+00   1.5711416e+00   6.0150409e-01   3.5733431e-01  -1.6490628e+00  -4.4048337e-01   1.0585082e+00
   2.0000000e+00   9.3401393e-01   1.7318471e-01  -1.2775378e-01  -1.0570954e+00  -4.0909186e-01  -3.8027874e-01
   2.0000000e+00   6.1696358e-01  -8.7274077e-02  -4.0829199e-01  -8.5972546e-01  -9.7181959e-01   1.0632254e+00
   2.0000000e+00  -6.4087350e-01   1.2256234e-01  -2.2071953e-01  -1.9140024e-01   1.1626802e-01  -2.6967492e-02
   1.0000000e+00  -3.8214651e-01  -5.2295978e-01   1.7926264e-01   2.8705565e-01  -5.5564820e-01   5.0759657e-01
   1.0000000e+00  -2.5309378e-01  -6.4120009e-01  -6.7283703e-01   5.6328914e-01  -1.1675163e-01   3.9733832e-01
   2.0000000e+00   1.6750733e+00  -1.4910299e-02   9.8565360e-02   2.0775778e+00   1.6480201e+00   7.2101886e-01
   1.0000000e+00  -7.1250587e-01   1.7405028e+00  -3.2610299e-01  -4.1876865e-01   5.1990784e-01   8.2554986e-01
   2.0000000e+00   7.4066443e-01   7.9213685e-01  -4.1271291e-01   8.0218939e-01   2.5856418e+00  -2.2241956e-02
   2.0000000e+00   1.6684950e-01  -4.3095738e-01   8.6133071e-01   7.4719158e-01  -2.9076485e-01  -4.1863249e-01
   2.0000000e+00   1.1677698e+00   7.4710417e-01  -4.3961124e-01  -1.5534529e+00   9.4349401e-01   1.1275902e+00
   1.0000000e+00   2.1471801e-01   1.2955575e+00   5.3683148e-01   1.1998280e+00  -4.8343811e-02   5.6320546e-01
   2.0000000e+00   8.1311960e-02  -7.6769844e-01  -2.1662069e-01  -8.5775364e-01  -4.7424785e-01   1.8645928e+00
   2.0000000e+00   3.5173096e-01   4.8481357e-01   3.2860326e-01  -5.3129442e-01   4.4328218e-01  -9.2509352e-03
   2.0000000e+00   3.6330348e-01  -1.0960535e+00  -1.3888447e-01   6.8648185e-01  -1.7063938e-01  -6.0226310e-01
   2.0000000e+00  -5.9069694e-02  -2.6539713e-01  -1.2061502e+00   2.1193459e+00  -8.3018433e-01   1.1674840e+00
   2.0000000e+00   1.8254902e+00  -5.3814776e-01   1.8223902e+00   1.3467997e-02  -1.9855355e+00  -1.1518071e+00
   2.0000000e+00   1.7719677e+00   1.2447326e+00   3.2800255e-01   1.1360830e+00  -1.1236611e-01  -1.2148201e+00
   2.0000000e+00   4.6440337e-01  -1.5398590e-01  -4.5282861e-01  -4.1281407e-01   4.1734854e-01  -6.2359065e-01
   2.0000000e+00   1.9048976e-01   9.6273921e-01  -8.2169099e-01   3.6953956e-01  -9.3349322e-01  -1.0996546e+00
   2.0000000e+00  -1.2184967e+00   1.4919506e+00  -5.1593772e-01  -2.4149275e+00   1.1764597e-02   1.9755486e+00
   2.0000000e+00  -7.2220053e-01   1.7452172e+00   2.0237944e-01   3.6384881e-02   6.0487021e-01  -1.1106529e+00
   1.0000000e+00   4.7848403e-01   5.2791449e-01  -4.6884982e-01   2.1189968e-01  -8.2444250e-01   4.5061492e-01
   1.0000000e+00  -5.9172824e-01   1.2307931e+00   9.0240933e-01  -2.4193891e-01   7.0780510e-01   1.3599050e-01
   2.0000000e+00  -1.4993971e-01  -3.5327546e-02   7.6323202e-01  -3.6116835e-01   7.5112280e-01   1.1525986e+00
   2.0000000e+00   6.4306151e-01   1.4953715e+00   8.7203278e-01   9.4784962e-01  -1.2445063e+00   2.5447298e+00
   1.0000000e+00  -4.7707051e-01   8.0065610e-01  -2.6730372e-01   5.9360641e-02   2.4546452e-01   3.0857479e-01
   2.0000000e+00   3.4546827e-01   1.6136564e+00   5.3671421e-01   7.0737635e-01  -7.1230212e-01   1.7180485e+00
   2.0000000e+00   3.2264446e-01   7.2684789e-01  -6.6301317e-01  -7.5533131e-01   5.5471753e-01  -4.6788012e-01
   2.0000000e+00  -6.7418020e-01   8.9013824e-01  -2.1825664e-01   4.5888512e-01  -9.4944734e-01  -9.7150723e-01
   2.0000000e+00   6.7114719e-01   1.0025650e+00   9.6838006e-01   1.5868939e+00   1.0373654e+00   1.2131234e+00
   2.0000000e+00  -9.6739501e-01   9.6732771e-01   1.1086344e-01   3.4524015e-01   1.0119282e+00   1.7409888e+00
   2.0000000e+00  -1.7142712e-01  -2.9332713e-01   3.6247776e-01   9.1673952e-01  -1.1636075e+00   7.3592411e-02
   1.0000000e+00   1.3001684e-01   1.1215426e+00  -1.8065754e+00  -4.0816392e-03   6.6720438e-01   2.6081692e-01
   1.0000000e+00  -7.3122829e-01  -5.5410293e-01   2.2748482e-01   1.3990433e+00  -6.2287518e-01   2.0043826e-01
   2.0000000e+00  -3.4695299e-01  -4.6476898e-01   1.6514460e-01   1.1016051e+00   6.5317312e-01   1.0022550e+00
   1.0000000e+00   1.1733145e-02   2.5063439e+00   2.8472930e+00   1.5642544e-01   3.2175033e-02   7.9275502e-01
   2.0000000e+00  -2.7025952e+00   7.0124631e-02  -1.2899295e-01  -7.3615059e-01  -1.2270550e+00   5.5726437e-01
   2.0000000e+00  -4.2880630e-01  -9.2389759e-02  -5.2317739e-01  -1.1201229e+00  -1.3485210e+00  -9.4006186e-01
   2.0000000e+00  -1.4547829e-01  -6.0482871e-01   5.1228807e-01   1.0570452e+00   2.8379036e-01   1.1326424e+00
   2.0000000e+00  -8.7559818e-01   4.4179121e-01  -4.1980199e-01   2.1867343e+00  -9.5630638e-02  -9.7483226e-01
   2.0000000e+00  -8.1149630e-01  -1.3832010e+00  -7.9162680e-04  -1.7439596e+00   5.9736254e-01  -2.3490296e-01
   2.0000000e+00  -1.1802473e+00   2.9938884e-01  -2.8698869e-01  -2.1442993e-03   1.1117484e+00  -1.7504270e+00
   2.0000000e+00   6.8149911e-01  -5.9867546e-01  -1.0992918e+00   1.3143623e+00  -7.8628547e-01   1.6845728e+00
   2.0000000e+00  -4.2642929e-01   1.0997297e+00  -1.8457794e-01  -1.7157837e+00  -9.5533991e-01  -1.8979407e-01
   2.0000000e+00  -2.2786956e+00   1.5502729e+00   3.8789126e-02   2.6356519e+00   5.5305478e-01   1.1897415e+00
   1.0000000e+00  -1.2603585e+00   2.1460850e+00  -5.0092433e-01   6.5922132e-01   5.5237500e-01   1.9392743e-01
   2.0000000e+00   5.5982721e-01   1.8534303e-02   1.2273084e+00   8.6316597e-01  -2.1249402e-01  -6.8782515e-01
   1.0000000e+00   4.5305490e-01   9.1164674e-01   3.2687016e-02   5.5319743e-01  -1.5341983e-01   2.5932106e-01
