   2.0000000e+00  -7.5157877e-02  -4.4843553e-01   1.2726307e+00   8.4316669e-01  -1.4035331e+00  -1.5185605e+00
   2.0000000e+00   2.3195221e-01  -3.5620544e-02  -8.2957049e-01   6.5857701e-02  -3.2075895e-01  -5.4713869e-01
   2.0000000e+00  -9.0093175e-01   5.2108897e-01  -3.7217621e-01  -1.6421813e+00   8.0310547e-02  -2.8548556e-01
   2.0000000e+00   1.3422773e+00   6.7928467e-01  -2.1169733e+00   2.7568367e-01  -1.2272453e-01  -1.3110700e-01
   2.0000000e+00  -1.9110685e-01  -7.7565959e-01  -2.4248659e+00   4.7211236e-01  -4.9319436e-01   1.7026096e+00
   2.0000000e+00   9.8346925e-01  -7.6691434e-01  -4.5324137e-01  -6.9120718e-01  -3.4150806e-01   1.6703441e+00
   2.0000000e+00  -4.3800813e-01  -1.8361240e-01  -1.0024965e+00   1.1440682e-01   9.4623448e-01   1.4686168e+00
   2.0000000e+00  -1.5433635e+00  -2.0964274e-02  -1.0816106e+00   1.1425893e+00  -3.6081455e-01   5.7296188e-01
   2.0000000e+00  -1.7963823e+00  -6.3267686e-01   1.5844610e+00  -1.2838095e-01   4.1200532e-02   7.2844266e-01
   2.0000000e+00  -1.3050323e+00   4.1798890e-01  -7.7944816e-01   3.3719167e+00   1.2174190e-01  -5.4479094e-02
   2.0000000e+00   9.5509730e-01  -8.6043769e-01   5.5883649e-01   4.5839535e-02   1.4671707e+00  -8.4371401e-01
   2.0000000e+00  -2.1812283e+00   1.3057352e+00  -4.9618664e-01  -1.6211355e+00  -3.3426202e-01  -1.0080747e+00
   2.0000000e+00   1.6095332e-01   3.4209371e-01  -9.0205822e-03   2.2896644e-01  -1.0701441e-01   8.4486370e-01
   1.0000000e+00   1.2507831e+00  -5.4542080e-01   1.7535121e-01   4.2972643e-01   3.9631083e-01   1.2348024e+00
   2.0000000e+00  -7.1065103e-01  -5.1168018e-01  -1.4580779e+00  -4.4586103e-01   9.7818711e-02   9.8167193e-01
   2.0000000e+00  -5.4254563e-01   1.1772590e-01  -1.5157112e+00  -3.4512690e-01  -2.5067394e+00  -5.0792582e-01
   1.0000000e+00   2.4990716e-01   7.5622825e-01   3.5656792e-01  -1.0702552e+00  -1.1976624e+00   5.1221983e-01
   2.0000000e+00   7.3050401e-01  -1.3718861e+00   1.1448483e+00  -5.0669921e-01  -1.3841156e+00   2.0473884e-01
   2.0000000e+00  -5.3693440e-01  -2.2879669e-01  -2.6511505e-01   1.5316698e-01  -7.3306123e-01   1.4778278e+00
   2.0000000e+00  -1.6619114e-01  -8.8042961e-01  -2.2547925e-01   2.8322187e+00  -9.4550532e-01   2.9385734e-01
   2.0000000e+00  -1.4471963e+00  -6.9469765e-01  -7.2590161e-02   5.1441419e-01  -4.4406496e-01   2.1887132e-02
   1.0000000e+00   3.2733136e-01  -7.8126354e-01   4.3460301e-02  -8.5847955e-01   1.6482040e+00  -1.0912217e+00
   1.0000000e+00   1.0337638e+00  -7.7715199e-01   3.1603713e-02   7.0148613e-01  -1.3100102e+00   6.9794880e-01
   2.0000000e+00   3.4724930e-01  -6.0079098e-01  -2.7860449e-03  -2.1161692e+00   8.4313238e-01  -6.2171215e-01
   1.0000000e+00  -1.4489721e+00  -5.6417710e-01   4.9976442e-01  -5.1137230e-01   1.2720804e+00  -4.1522215e-01
   2.0000000e+00   1.8175514e-01   5.5267288e-01  -6.6745197e-01   8.8138503e-01  -5.1742022e-01   2.3346080e+00
   2.0000000e+00   9.0464298e-01   1.3262325e-01   1.2733030e+00   2.3813893e-01   1.1435594e+00  -1.9390906e+00
   2.0000000e+00  -1.3204930e+00   5.8635959e-01  -3.0987907e-01  -5.9361644e-01   1.0798369e+00  -3.9668866e-01
   2.0000000e+00   1.8311247e-01   2.2284261e-01   2.3224744e+00   1.6801630e+00   4.4923550e-01  -1.0326512e+00
   1.0000000e+00   3.0097786e-01   7.6555188e-01   7.2797973e-02  -7.0636966e-01   4.1600690e-01   1.3043315e+00
   2.0000000e+00  -1.3646994e-01   4.4334222e-01   1.6828264e+00  -1.4554089e+00  -1.2674371e-01  -1.1943149e+00
   2.0000000e+00  -1.6471049e-01   3.1997817e-02  -1.4810780e+00  -3.7819995e-02  -7.4749902e-01  -2.0768358e+00
   2.0000000e+00  -9.0667875e-01   5.8597125e-02  -7.7546522e-01  -1.0400464e+00   4.1483741e-01  -9.2911354e-02
   2.0000000e+00   2.8019512e+00   1.3279260e+00  -1.4628161e-01  -6.0636447e-01   4.3255381e-01   1.5721149e+00
   2.0000000e+00  -1.3069391e+00  -1.2621526e+00  -1.4627984e+00   1.3670759e+00   7.2798776e-01   2.1178229e+00
   1.0000000e+00  -5.1328210e-02   8.1064258e-03   9.7591656e-01  -1.0717439e+00   7.6516035e-01  -7.1286942e-01
   2.0000000e+00   5.3366444e-01   9.9973491e-01   9.5178844e-02   8.9928995e-01   1.6601762e+00  -9.5203120e-01
   2.0000000e+00  -8.2289383e-01  -5.4555284e-01  -3.7824683e-02   2.7745939e-01  -2.2784353e-01   9.9753416e-01
   2.0000000e+00   8.0755714e-01  -4.5307578e-02  -5.2018810e-01   1.3028015e+00   5.0337414e-01   1.1679094e-01
   2.0000000e+00  -6.9041686e-01  -4.9683369e-01  -8.2469019e-01   2.2051267e+00  -3.2976129e-01  -1.2604153e+00
   2.0000000e+00  -2.5567721e-01  -1.9057852e+00  -3.9067646e-01  -8.5947722e-02   8.6650816e-01  -1.0336729e+00
   1.0000000e+00   4.0716931e-01   1.8845539e-01   5.9227836e-01  -1.2730692e+00   7.6839955e-01  -1.1438408e+00
   2.0000000e+00  -7.4661065e-02  -1.5308325e-02  -1.3810039e+00   2.3687497e-02  -7.5293205e-01  -7.5801780e-01
   1.0000000e+00  -6.1143422e-01   2.6014226e-01   6.2461698e-02   1.8689315e-01  -3.1339913e-01   1.7812077e+00
   2.0000000e+00  -1.9045922e-01   1.1803969e+00   4.9559733e-01   9.4827237e-01   1.2294771e+00  -9.6203490e-01
   2.0000000e+00  -1.2852760e+00   5.9423300e-01   8.8925964e-01   6.1513309e-01  -9.7828770e-01   4.5416876e-01
   2.0000000e+00   5.8605176e-01  -1.7737844e+00   1.8295706e-01  -9.1175377e-02  -4.1992312e-01  -9.3922210e-01
   2.0000000e+00  -7.2564821e-01  -6.5970003e-01   1.5046260e+00  -2.5234851e-02   1.1819348e+00   5.7897901e-01
   2.0000000e+00   2.2373947e+00   1.9155930e+00   7.8532198e-01  -1.2186480e+00   3.6958284e-02   1.2242553e+00
   2.0000000e+00   1.4586129e+00   2.0265825e+00  -7.3824696e-01   1.9017095e+00   1.4422174e+00  -2.4691290e-01
   2.0000000e+00   1.1969583e+00   1.3072340e+00   8.4297879e-01  -1.9458949e+00   1.5492639e+00  -9.6847083e-01
   2.0000000e+00   1.9849940e+00   1.0565581e+00   1.2494717e-01  -3.9826775e-01   1.0107174e+00   2.9162350e-01
   2.0000000e+00  -7.8822773e-02   2.3083619e+00   3.9067244e-01  -1.3358902e+00   1.3365741e+00  -2.4277300e-01
   1.0000000e+00  -1.6686428e-01   6.9479252e-01   4.9632558e-02  -3.3582227e-02   6.1946383e-01  -1.0421413e+00
   2.0000000e+00  -6.3868931e-01   1.6600394e+00   1.1268344e+00  -5.5653048e-01   9.7536560e-01   7.5554663e-01
   1.0000000e+00  -1.3946287e+00  -6.9964344e-02   7.9026340e-01   4.8667360e-01   1.2076548e-01  -5.6678081e-01
   2.0000000e+00  -8.1397246e-01   6.6702681e-01  -1.3600098e-02   8.2252150e-01  -1.6802035e+00  -1.2028687e+00
   2.0000000e+00   4.0405985e-01   5.3777369e-01   1.1839310e+00   2.0799844e+00   1.5504850e+00  -1.0242833e+00
   2.0000000e+00  -7.1901513e-01   1.3451562e+00   8.3899083e-01   2.2918225e+00  -4.7374609e-01  -1.2689073e+00
   1.0000000e+00   7.8928669e-01   6.2488481e-02   3.5095419e-01  -9.1760816e-01   1.3619947e-01  -1.1845909e+00
   2.0000000e+00   6.5832339e-01   2.5787439e-01  -1.1599431e+00  -1.1837399e+00   2.6425381e-01   1.6829269e+00
   2.0000000e+00   1.2995247e+00  -1.9657680e+00   9.5560681e-01   8.8216023e-01   4.3719190e-01  -3.1298872e-01
   2.0000000e+00  -5.9072108e-01   1.3631064e+00  -5.7511575e-01   1.0404289e+00  -2.1573256e-02  -4.1334475e-01
   1.0000000e+00   5.3680823e-01  -5.5562682e-01   7.3130816e-01   2.4045196e+00  -1.1976946e+00  -4.5306391e-01
   2.0000000e+00  -2.0175892e-02   4.1656701e-01  -3.6928481e-01   8.6166090e-01  -1.1897198e-01   1.8388514e+00
   2.0000000e+00  -7.3238431e-01  -2.0498629e+00   8.4711637e-01   8.9299411e-01   1.2181644e-01  -5.0147737e-01
   2.0000000e+00  -1.8258202e-01  -1.4037415e+00  -1.5858979e+00  -1.1373340e-01  -1.2225042e+00  -2.1222851e+00
   2.0000000e+00   1.0809524e+00   1.4173730e+00  -3.1063642e-01   4.3471163e-01  -1.9385288e-01  -5.3004796e-01
   1.0000000e+00  -5.3068120e-01   4.3181640e-01   3.2207915e-01   9.7890380e-01  -7.5477699e-01   2.9217254e-02
   2.0000000e+00  -7.9988328e-01   8.3190460e-02  -2.8224261e-01  -9.6458126e-01  -1.0238668e+00   3.2265925e-01
   1.0000000e+00  -2.1521077e+00   3.2353496e-01   7.0041304e-01  -3.9500626e-01   4.5428810e-01   5.9636536e-01
   2.0000000e+00   8.1618693e-01   1.1866929e-01  -1.6583711e-04   7.7067816e-01  -3.2652917e-01  -3.2712473e-01
   2.0000000e+00  -6.5819481e-01  -8.3918133e-01  -3.0966158e+00   2.1222338e-01   1.2602662e+00  -7.1629326e-01
   2.0000000e+00  -1.3576350e+00   5.9330252e-01  -4.9485052e-01   9.5346858e-01  -3.9821870e-01  -1.0360887e+00
   2.0000000e+00   1.6031827e+00   1.2934722e+00  -2.0004149e+00  -3.2072361e-01   2.7819863e+00   1.8805212e-01
   2.0000000e+00  -9.8080811e-01   1.0420652e+00   1.1756443e+00  -3.5220963e-01  -1.4986418e+00   2.5849392e+00
   2.0000000e+00   1.6832773e-01  -1.7133445e-01  -1.6559146e-01  -6.5182268e-01  -1.1992146e+00  -1.2179462e+00
   2.0000000e+00  -1.6447197e-01  -1.5963740e+00  -1.8260870e+00  -1.1648832e-01   5.3385678e-01   2.1072224e-01
   2.0000000e+00  -1.3467231e+00  -1.9498783e-01  -1.2015340e+00  -5.3840412e-01   1.6686001e+00   3.1833074e-01
   1.0000000e+00  -4.2899506e-01  -4.4901331e-02   6.7707423e-01  -1.4490288e+00  -6.6624323e-01  -1.2833861e-01
   2.0000000e+00  -1.9734755e+00   1.2866939e+00   1.1361013e+00  -8.4616265e-01  -7.7114743e-01  -7.2210279e-02
   2.0000000e+00   2.3685022e-01   4.5906039e-02  -6.3795726e-01   1.6634805e+00   5.3949657e-01  -1.5075283e+00
   2.0000000e+00  -2.6879906e-01  -9.3606053e-01  -1.7914392e-01   1.7764165e+00   1.0440860e+00   6.8158949e-01
   2.0000000e+00   1.8900709e-01  -1.3944830e+00   2.2646463e-01  -9.0027650e-01  -1.0150657e+00   8.3088154e-01
   1.0000000e+00  -2.2595328e+00   1.5168745e-01   4.3501550e-01   5.4832517e-01   2.0020187e+00  -8.0180590e-01
   2.0000000e+00   1.3601350e-01  -1.9442603e+00  -3.8111044e-02  -1.0738349e+00   8.0611588e-01  -1.5065267e+00
   1.0000000e+00   7.1825734e-01   6.9877682e-01   3.2902144e-01  -4.9615605e-01  -1.4446929e-01  -4.0434397e-01
   2.0000000e+00   1.4576052e+00  -6.4200284e-01  -1.1629268e+00   9.1939320e-01   3.9064171e-01  -1.6347739e+00
   2.0000000e+00  -2.1582463e-01  -5.5391469e-01   2.0402176e+00  -2.4037229e-01   2.7256213e-01  -8.2124190e-01
   2.0000000e+00  -8.6255363e-01   1.7967262e-01  -1.6645749e-01  -9.0770343e-01  -1.4852357e+00   5.5722217e-01
   2.0000000e+00   1.7863887e-01  -5.0798792e-02   1.7769172e+00  -2.0135659e+00   1.9404065e-01   9.9315380e-01
   2.0000000e+00   8.7775529e-01   9.1996617e-01   1.5628834e+00  -1.0035346e+00  -3.5780398e-01  -6.5501173e-01
   2.0000000e+00   6.8291090e-01   1.7311936e+00   2.2125497e-02   6.9883639e-01   4.7869812e-01  -4.8036700e-01
   2.0000000e+00  -2.8668564e+00   1.2886202e-01  -3.5600764e-01   2.2152110e-01  -5.2753310e-01   7.1346642e-01
   2.0000000e+00   1.7624063e+00  -7.3076755e-01   1.1799336e+00   1.2427060e+00  -2.2379687e-01  -4.5082613e-01
   2.0000000e+00  -9.8142806e-01   1.2695770e+00  -8.9264502e-01  -3.0612024e-01  -1.0996788e+00   1.4096369e+00
   2.0000000e+00   3.3203013e-01  -5.8320991e-01   5.8421064e-01   1.7120015e-01  -5.3287821e-01   2.0371467e+00
   2.0000000e+00   4.1299276e-01  -2.8396587e-01  -9.2790191e-01  -5.5890285e-01  -2.0694244e+00  -5.8079120e-01
   2.0000000e+00   6.3110549e-01   1.0832991e+00  -2.7767415e-01  -1.4712406e+00  -5.5705796e-01   3.6940996e-01
   2.0000000e+00   3.2422789e-03  -1.8547776e-01  -4.4790225e-01  -2.2707724e+00  -2.0726853e-01  -1.7772705e+00
   2.0000000e+00   6.2644778e-01   8.5494595e-01   9.7435993e-01  -1.7240362e+00   4.9498587e-01  -1.1884905e+00
   2.0000000e+00   2.1179130e-01   1.1111830e+00  -1.0205640e+00   9.5071001e-01  -9.0105497e-02  -2.5999643e+00
   2.0000000e+00  -3.9282696e-02   1.7132938e-01   1.4183990e+00  -8.0041330e-01  -1.7310045e-01   1.4234016e+00
   2.0000000e+00  -1.1377469e-01  -1.8612649e+00   6.8395009e-01   2.0900603e+00  -7.4085480e-02  -1.6171253e+00
   2.0000000e+00  -1.7691453e+00   1.4147741e+00  -1.2076957e-01  -1.2139370e+00  -3.7452423e-01  -2.5090285e+00
   2.0000000e+00   2.5385190e-01   9.3966597e-01  -1.4486888e+00   8.4997161e-01  -3.6618599e-01  -4.7042975e-01
   2.0000000e+00  -2.3028674e-01   8.2653561e-01  -7.6731581e-01  -3.2794913e-01  -8.7242379e-01  -7.6894419e-03
   2.0000000e+00  -6.1723065e-02  -2.7755074e+00   4.6622035e-01   1.4982517e+00   5.3919631e-01   2.1678546e-01
   2.0000000e+00  -7.4192271e-01   1.5307662e+00   5.1354465e-01   1.1252416e+00   3.5002603e-02   9.3488809e-01
   2.0000000e+00   5.5983496e-01  -1.9434388e+00   1.9727040e+00  -1.6696080e+00  -1.6520646e-01   1.9052586e-01
   2.0000000e+00  -7.5208248e-02  -6.2517238e-01   8.3631478e-01  -1.6048482e-01   5.3306497e-01   6.1496980e-01
   1.0000000e+00  -3.2580637e-01  -2.1754528e-01   8.6495050e-01   8.9602417e-01  -3.0804813e-01   2.0655194e-01
   2.0000000e+00  -2.8349660e-01  -2.8815103e-01  -1.1205597e+00   1.4157050e+00   4.9275123e-01   6.7088958e-01
   2.0000000e+00   1.4479687e-01  -1.1034129e+00  -1.4751168e+00   4.8404655e-03  -1.0980443e+00   5.4539183e-01
   2.0000000e+00  -8.9168619e-01  -7.9297867e-02   1.0321576e+00  -1.0683453e+00   1.7147181e+00  -8.5441375e-01
   2.0000000e+00  -5.0115538e-01   4.1209266e-01  -2.8088811e-01   1.1258747e+00   3.5671355e-01  -4.2819348e-01
   1.0000000e+00  -6.1832730e-01   9.5335037e-01   1.5622481e-01  -4.6070175e-01  -5.8676194e-01  -4.5254822e-01
   2.0000000e+00   1.4669520e-01   7.0607061e-01  -3.6307855e-01   2.9483935e+00  -1.3526211e+00  -5.1951249e-01
   2.0000000e+00   7.0558265e-01   3.4322421e-01   2.1254716e-01   9.3454154e-01   6.8287154e-01  -2.0157939e+00
   1.0000000e+00  -1.5948215e-01  -1.3540891e-01   4.0769667e-01   1.0320500e+00  -1.6535866e-01  -1.2861971e-02
   1.0000000e+00  -1.0288628e+00   3.4390781e-02   3.7434464e-01   9.9362664e-02  -3.2709519e-01  -5.4636440e-01
   2.0000000e+00   5.4926496e-01  -1.2832627e+00   9.4555668e-01  -9.2358968e-01   1.0411366e+00  -1.1830298e+00
   2.0000000e+00   9.1044189e-01   1.4777811e+00  -1.2897346e+00   9.8329092e-01  -6.8388887e-01  -2.3140592e+00
   2.0000000e+00  -9.6209905e-02   7.8393134e-01  -7.5775931e-01  -1.0542074e+00  -2.0343759e+00   6.1566528e-01
   2.0000000e+00  -9.0591807e-01   8.0672922e-01  -4.0796366e-01   5.7366317e-01   1.8832567e-01  -5.8717364e-01
   2.0000000e+00   3.4989135e-01   1.0960702e+00  -6.0749606e-01   1.0566486e-02  -5.6524007e-01   1.4707384e-01
   2.0000000e+00  -1.2904303e+00  -4.3038500e-01  -7.5816469e-01  -2.6205988e+00  -1.0471043e+00   1.2221563e-01
   2.0000000e+00  -1.6541645e+00  -1.1513522e+00  -4.1184939e-01   1.5931463e-01  -4.5030132e-02  -7.1387890e-01
   2.0000000e+00  -4.1682141e-01   8.0117000e-01  -4.4965723e-01   1.0962572e-01   5.3084622e-01   1.2607693e+00
   2.0000000e+00  -1.2105195e+00  -2.3189549e-01   1.7150365e+00  -1.8114797e+00   2.1314203e-01   3.8505817e-01
   2.0000000e+00  -1.8413822e+00   5.1435403e-01   1.0555319e+00   5.9874978e-01  -6.3521556e-01  -1.5128668e+00
   2.0000000e+00  -9.2823983e-01  -1.5061215e+00  -9.7850012e-01  -3.4165670e-01  -1.2087492e+00   5.4020758e-01
   2.0000000e+00   1.7627083e+00   1.7605918e-01  -6.7564024e-01   1.0370944e+00  -1.2637903e+00   1.0181754e+00
   1.0000000e+00   2.0533125e+00  -4.7854047e-01   5.3207178e-05   1.6142195e+00   1.6461919e+00   6.3775430e-01
   2.0000000e+00  -6.1808574e-01  -5.1449117e-01  -9.5520947e-01   6.4533071e-01   8.7449912e-01  -1.9291744e-01
   2.0000000e+00  -1.1694946e+00  -2.9196478e-01  -6.6243630e-01  -3.7045729e-03   3.8747055e-02   8.9614331e-02
   1.0000000e+00   5.0008077e-01  -2.1524265e-01   8.4915428e-01  -3.5491922e-01  -1.7387493e+00  -1.1172765e+00
   1.0000000e+00  -3.6679343e-01  -1.0562884e-01   2.9695430e-01   2.4590320e+00   1.0554796e+00  -7.4119023e-01
   2.0000000e+00  -2.4981217e-01   6.5243304e-01  -1.1208930e+00   4.8734406e-01   2.8549697e+00  -1.9603045e-01
   2.0000000e+00   9.2246095e-02  -2.0830880e+00  -1.2018551e+00   3.7006616e-01   2.6165421e+00  -1.2419826e+00
   2.0000000e+00   5.9504249e-01  -1.3559034e+00   1.1368405e-01  -2.9056471e-01  -3.6031935e-01   1.1926397e+00
   2.0000000e+00   3.3277626e-01  -1.6805809e+00   4.2476565e-01   5.9027830e-01   1.9498577e+00   7.4117739e-01
   2.0000000e+00   8.4297092e-01   1.7103256e+00  -9.6224100e-01   1.0166647e+00  -1.2074884e+00   4.8063807e-01
   2.0000000e+00   9.0301873e-01  -5.4388107e-01   1.1573788e+00  -2.2878162e+00   1.1279749e+00   1.8548236e-02
   2.0000000e+00  -6.6097675e-01  -8.4357370e-01  -6.1812197e-01  -2.1815159e-01   7.8163230e-01   1.1276835e+00
   1.0000000e+00  -7.3852353e-01   6.0565010e-01   3.8510746e-01   2.2072886e+00   1.1687913e+00   9.3746017e-01
   2.0000000e+00  -4.7906090e-01  -7.7306466e-01   1.0499523e+00  -4.7632714e-02  -1.2575092e+00  -2.9939538e+00
   1.0000000e+00   1.1234771e+00  -5.9608666e-01   2.3821418e-01  -1.4553425e+00   1.2644392e+00  -6.0611575e-01
   2.0000000e+00   3.5977061e-01   5.7130120e-01  -4.1039938e-01  -5.4268307e-01   7.8366674e-01   8.9264728e-01
   2.0000000e+00   7.4362422e-01  -1.2298829e+00   2.3850272e-01  -3.9515338e-01   3.4607110e-01   6.9190754e-01
   2.0000000e+00   1.4043258e-01   5.9377524e-01   1.8243632e+00  -9.2637427e-01   8.9389022e-03  -3.4969470e-01
   1.0000000e+00  -1.4521527e+00   6.2349163e-01   2.0003475e-01  -7.6619299e-01   3.0525015e-02  -6.5561318e-01
   2.0000000e+00  -1.7557336e+00   5.1642201e-01  -6.0487702e-01  -6.4435652e-01   3.4286059e-01   1.2313152e+00
   2.0000000e+00   5.2521142e-01   2.5758031e-01   9.6680670e-01   4.3160912e-01   3.4367379e-01   5.4321987e-01
   2.0000000e+00  -2.2125840e-01  -1.3748828e+00   5.0358153e-01   6.7166822e-01   1.3467265e+00  -1.3672276e+00
   2.0000000e+00  -1.1243234e+00  -8.7082264e-01   9.6971026e-01   9.5416948e-01  -1.0366067e+00   4.0863887e-01
   1.0000000e+00  -2.8517378e-01   2.0204029e-01   2.9124931e-01   2.3224322e-01  -2.5470837e-01   1.1825641e+00
   2.0000000e+00  -1.4426692e+00  -4.1729910e-01  -2.7634126e-01   4.6951365e-01  -1.3160452e+00   8.6808451e-01
   2.0000000e+00   5.9291733e-01  -6.9449870e-01  -9.6602826e-01  -5.9451966e-01  -5.5679986e-01   1.2574702e+00
   2.0000000e+00  -3.3790967e-01   8.2447665e-02  -2.6527292e-01  -3.4012232e-01   3.2449604e-01   8.8699107e-02
   1.0000000e+00  -1.5415344e+00  -6.0405666e-01   7.6932808e-01  -2.9389249e-01   1.5512856e+00  -2.0060794e-01
   2.0000000e+00   6.6911813e-01   1.4356996e+00   4.8885700e-01  -7.5344555e-01   2.6543824e-01  -1.6849717e+00
   1.0000000e+00  -3.4636982e-01  -7.1467399e-02   8.4391651e-01  -7.1347615e-01  -8.9409380e-01  -1.6157604e+00
   2.0000000e+00   3.0194487e+00  -7.5622765e-01  -4.6819848e-01  -8.5420378e-01   2.8721370e-01  -2.2403174e-02
   2.0000000e+00  -2.6729288e-01  -1.7132433e+00  -3.8049080e-01   1.7522433e-01   2.5381974e-01  -1.6560042e-01
   2.0000000e+00  -1.0459535e+00  -1.4457739e+00  -1.7013651e+00  -9.2536526e-01  -1.2562459e+00  -4.7524680e-01
   2.0000000e+00  -2.0809801e+00  -7.0922420e-01  -1.3996916e-01  -8.6740399e-01  -6.7378739e-01   9.4650911e-01
   2.0000000e+00  -1.9523301e+00   3.6978995e-02  -9.6970016e-02  -2.6227016e-01   3.9848850e-01  -4.3145619e-01
   2.0000000e+00  -8.7635197e-01   4.8182838e-01  -9.3436328e-01  -1.5504674e+00  -5.0507861e-01  -1.1305587e+00
   1.0000000e+00   2.6849631e-02  -5.1237592e-01   9.6800856e-02   1.4164721e-01   1.4503152e+00   8.5199623e-01
   2.0000000e+00   9.6243688e-01   9.1406278e-01   2.5164728e+00   1.2099400e+00   9.1474553e-01   7.7289711e-01
   2.0000000e+00  -6.1012208e-01   1.3675969e+00   5.9811000e-01   5.2670681e-01   2.3862659e-01  -1.7220059e+00
   1.0000000e+00  -1.2179554e+00   3.9190576e-01   1.3529788e-01  -6.0262165e-02   1.1275361e+00  -6.9165148e-02
   2.0000000e+00  -1.6349033e+00  -1.5438482e+00  -4.8095903e-01  -4.0801123e-03  -1.1536581e+00  -5.1197420e-01
   1.0000000e+00  -2.0745905e+00  -3.4943498e-01   4.6899129e-02   1.0383242e-01   1.4417152e+00   5.0123325e-01
   2.0000000e+00   1.5925951e+00  -1.1015340e+00   1.8187603e+00  -9.4250840e-01   3.6269623e-01  -1.8215020e+00
   2.0000000e+00  -5.7555765e-01   1.8003352e+00  -1.8987667e+00  -9.6773762e-01  -1.5991442e+00   9.0614312e-02
   2.0000000e+00   2.5194810e-01  -1.8638750e+00   5.9493124e-01  -7.5920606e-01   8.5113311e-01  -6.8223666e-01
   2.0000000e+00   1.7240584e-01  -1.7439308e+00  -1.6755292e-01  -1.1538635e+00  -1.3801959e+00   1.8863745e+00
   1.0000000e+00  -2.2755885e-01  -8.2717351e-01   2.2722520e-01  -2.3895638e+00  -2.0380034e+00   8.6474267e-01
   2.0000000e+00   9.4235406e-01   2.4421356e+00   7.6958346e-01   7.8615575e-01  -1.8775344e+00   3.0715883e-01
   2.0000000e+00  -7.4335690e-01   8.2870249e-01  -9.2683602e-01   1.3448271e-01   9.0570726e-02  -1.9168416e-01
   2.0000000e+00  -4.4552545e-01   8.1108355e-02  -6.2608183e-01   3.6895851e-02  -5.1825410e-01   1.7096346e-01
   2.0000000e+00  -4.0784684e-02  -2.2097942e+00   5.8880329e-01   1.6338468e+00  -5.6315618e-01   3.7594801e-01
   2.0000000e+00  -1.5746780e-01   9.6692248e-01  -8.2779323e-02   9.2501046e-01  -9.5523455e-01  -7.0662413e-01
   2.0000000e+00  -6.2547805e-02  -6.4002962e-01  -3.1455611e-01  -8.3996577e-01  -1.0300357e-01   4.8376518e-01
   2.0000000e+00  -6.0953299e-01   1.0423053e-01   1.0463331e+00   4.4890534e-01  -9.1480575e-01  -1.4789933e+00
   1.0000000e+00   1.2823176e+00   7.1782833e-01   5.3887528e-01  -5.5655770e-01  -1.6536871e+00   7.2452260e-01
   2.0000000e+00   1.2257833e+00   5.3018995e-01   9.1951663e-01  -1.8188221e+00  -4.8208612e-01   5.8262683e-01
   1.0000000e+00  -4.2925039e-01   1.7370714e-01   3.4039848e-01  -5.8547658e-01   1.2756318e+00   7.6972852e-01
   2.0000000e+00   7.9902722e-01  -1.4695845e-01   3.9869215e-01   1.1385095e+00   7.9253794e-01   2.1672394e+00
   2.0000000e+00  -1.2860012e+00  -5.8703219e-01   1.9191637e+00   1.3944675e-01  -1.1216240e+00  -1.3538905e+00
   2.0000000e+00   1.4680846e+00   6.0874075e-01  -1.7847173e-02  -1.1552320e+00   6.2514538e-02  -9.7911007e-01
   2.0000000e+00  -7.3401676e-01  -4.9145508e-01  -7.2965445e-02   3.7478770e-01   3.5623136e-01   1.5499527e+00
   2.0000000e+00  -1.6441530e-02   1.7943759e-01  -2.8907707e-01   1.2240098e+00   7.7379403e-01   3.1203963e-01
   2.0000000e+00  -2.2452096e+00   8.9221599e-01   1.2948814e+00   1.9414207e+00   1.6862390e+00  -1.2868781e+00
   2.0000000e+00   1.1022500e+00   1.6039738e+00   2.3623469e-01   7.1372989e-01   9.0957274e-02   3.0590309e+00
   2.0000000e+00   7.1070810e-02   1.1292606e+00   7.0330040e-01  -1.1628797e-01  -1.5926433e+00   2.9209463e-01
   2.0000000e+00  -1.2432843e+00   1.2082081e+00  -1.1755865e+00  -2.3366862e-01   6.3292965e-01   4.2851469e-01
   2.0000000e+00   8.7320512e-01   1.8035611e+00   2.3599699e-01   1.6444664e+00  -1.1901493e+00   2.0043035e+00
   2.0000000e+00  -5.3299441e-02   7.7446733e-01   9.7964847e-01   2.2680573e+00  -9.7454177e-01  -4.6834171e-01
   2.0000000e+00  -5.8834560e-02  -1.8786704e-01  -6.3017392e-01  -4.6831435e-02  -1.0183613e-01  -9.7354446e-01
   2.0000000e+00   4.0443594e-01  -5.6443551e-01  -2.2886912e-01   7.0477307e-01   6.8614431e-01   1.9472443e+00
   1.0000000e+00   2.8517939e-01   2.8166384e-02   6.6271361e-01  -2.1529479e-01   7.5705408e-01  -1.5275570e-01
   2.0000000e+00   7.5402267e-01  -1.1213315e+00  -3.5058817e-01   4.6311690e-01  -1.4831187e-01   4.3603995e-01
   1.0000000e+00   9.6439685e-01   5.7118329e-01   1.8709182e-01  -3.4071494e-01   1.0434912e+00   1.9831674e+00
   2.0000000e+00   1.4005672e+00  -1.9214575e-01  -7.8074287e-02  -7.5119539e-01   1.1546095e+00   7.3406140e-01
   2.0000000e+00   1.8111057e+00   2.5997020e-01  -2.3088067e-01   2.1972534e+00  -3.1539200e-01  -2.9250784e-01
   1.0000000e+00  -3.7994509e-01  -5.6585373e-01   3.3787297e-01  -1.4495601e+00   2.7967591e-01   7.6882113e-01
   1.0000000e+00  -7.1743624e-01   1.6656452e-01   4.1830173e-02  -1.9080824e-01  -4.3607803e-01   8.9408184e-01
   2.0000000e+00   4.0435256e-01   3.5292768e-02  -5.7698511e-01  -6.1120311e-01   7.6856142e-01   1.0142082e-02
   1.0000000e+00  -1.3752843e+00  -1.7490006e-02   6.2010503e-01   1.6750050e+00  -1.4798145e+00   1.4699270e+00
   2.0000000e+00   1.9838653e+00   4.2420802e-01  -2.6903952e-01   1.1410187e+00   2.8592989e-01  -1.1507453e+00
   2.0000000e+00   8.7419237e-01   8.9801177e-01  -1.5261362e+00  -9.3936396e-01   2.5021364e+00  -1.1135942e+00
   2.0000000e+00   6.4662982e-01  -8.5684700e-01  -6.5907956e-02  -6.5357588e-01  -5.3162287e-01  -2.1717659e-01
   2.0000000e+00  -1.1707719e+00   1.6032903e+00  -2.3677291e-01  -1.0399185e-01  -3.1026425e-02   5.8701902e-01
   2.0000000e+00  -1.3988919e+00  -8.9375708e-01  -8.4487749e-02  -1.9185807e-01  -8.5492265e-03  -2.4902021e-01
   2.0000000e+00  -1.6946014e+00   1.3118475e+00   1.1558850e+00   3.5694639e-01   1.2330071e-01   1.6661554e+00
   2.0000000e+00  -8.6389827e-01   2.7535081e+00  -3.5325116e-01  -2.2767283e-01   8.6073423e-01   5.7061113e-01
   2.0000000e+00   7.3755780e-01  -6.5135688e-01  -3.9829774e-01   1.2099017e-01   5.0294440e-01   1.5362705e+00
   2.0000000e+00  -2.6585460e-01  -1.7384893e-01   1.8121024e+00  -4.5203268e-01  -4.4762124e-01   1.0252377e+00
   1.0000000e+00  -8.6650272e-01   3.6542812e-01   2.5130063e-01  -1.6137033e+00   1.2480115e-01  -1.7082145e-02
   2.0000000e+00  -9.8438003e-01   1.1302289e+00  -5.3272613e-01   7.7349237e-01   1.4641392e-01   7.9633228e-01
   1.0000000e+00   1.7993973e+00   1.4760700e-01   2.5725350e-01  -1.4413725e+00  -8.9257738e-01  -1.6258703e+00
   1.0000000e+00  -1.1685986e+00  -5.4019776e-01   5.1304137e-01  -6.4933983e-01  -4.8482814e-01  -4.1380790e-01
   2.0000000e+00  -9.0583282e-01  -4.3482364e-01  -1.8569615e-01  -1.3956100e+00   8.8162074e-01   1.0952206e+00
   2.0000000e+00   2.2690690e-02  -1.2472991e+00   7.3115317e-01  -2.2072119e+00   1.8745238e-01  -1.3369063e-01
   2.0000000e+00   2.9985205e-01   9.7653512e-01   3.0440108e-01  -1.0017600e+00  -1.0257969e+00  -6.3212460e-01
   2.0000000e+00   2.5243905e+00  -6.3738194e-02  -7.2893144e-01  -2.1281843e-01   3.4091109e-01   1.2281707e-01
   2.0000000e+00   1.1488835e+00  -2.9389876e-01  -4.5449913e-01  -9.4013372e-01   7.3114873e-01   1.4138753e+00
   2.0000000e+00   1.5894903e+00  -2.2224346e-01   1.1218656e+00   1.1169044e+00  -6.5223548e-01   4.3517886e-01
   1.0000000e+00  -1.2637687e+00   2.7069980e-01   9.2374611e-01   6.9571577e-02   3.5859398e-02   6.7654318e-01
   2.0000000e+00  -1.6377512e+00   5.3370624e-01  -3.5873158e-01  -1.3246979e+00   1.2964517e+00  -5.4538751e-01
   1.0000000e+00   6.8762408e-01  -6.1080787e-01   5.7520082e-01   5.7310744e-01   2.4125134e-01  -4.3098899e-02
   1.0000000e+00  -5.2380440e-01  -2.1850310e-01   8.3893736e-01  -4.1203973e-01  -7.9307607e-01   2.2682687e-02
   2.0000000e+00  -1.4487000e-01  -3.9597192e-01   1.6838558e+00   9.7616906e-03   8.6138866e-01   2.2250047e-01
   2.0000000e+00  -1.5225083e+00  -2.2340481e+00  -6.7600708e-01  -5.0643971e-02   3.1766900e-01  -5.4192858e-01
   2.0000000e+00   4.8572609e-01   1.4342505e-01  -1.4613098e+00   7.3615501e-01   1.4996787e+00  -7.7381082e-01
   2.0000000e+00  -8.8912690e-02   1.3807136e-01  -6.8922517e-01  -4.3913702e-01  -7.4654043e-01  -1.9323358e+00
   2.0000000e+00   6.5510797e-01   7.3719492e-01  -1.4884382e+00   4.8223586e-01  -3.4774077e-01  -9.4575279e-01
   2.0000000e+00   1.0229616e+00   3.3169082e-01  -7.9384532e-01   8.0271117e-01   1.5758916e+00  -2.0042374e+00
   2.0000000e+00   1.1454500e-01  -1.6623601e+00  -3.6944212e-03  -3.3752633e-01   9.7750599e-01   3.9021179e-01
   1.0000000e+00   9.3925279e-01  -9.3830264e-01   3.4061285e-01   1.0663477e+00   1.5656992e-01  -4.0055514e-01
   2.0000000e+00  -1.5057609e-01   1.1222146e+00  -6.9039370e-01   1.1878301e+00   8.6227831e-02   9.7618159e-01
   1.0000000e+00  -2.1419723e-01   6.4448323e-01   1.4295883e-01  -7.9044647e-01   7.4491980e-01  -4.7399299e-01
   2.0000000e+00   3.7349483e-01  -9.5377581e-01  -7.4198414e-01  -6.3178079e-01  -1.2226409e+00   2.5021843e-03
   2.0000000e+00   4.1210619e-01   1.2108110e+00   3.4826832e-02   2.2231200e+00  -7.4430972e-01   1.9229177e+00
   2.0000000e+00  -4.4998855e-01  -9.5616955e-01  -1.4061849e+00  -3.1925773e-01  -3.0283406e-01  -1.0817125e+00
   2.0000000e+00   1.8490695e+00   2.2455631e+00  -1.6681793e+00   4.6366644e-01   1.1623513e-01  -1.2539156e+00
   2.0000000e+00   2.6640831e-01   4.2803593e-02  -5.0379845e-01   7.6944657e-02  -1.6116815e+00  -1.1007769e+00
   2.0000000e+00   2.6608904e-01  -8.0067896e-02  -1.7578220e+00  -5.1925651e-01  -6.5941409e-02   9.7038600e-01
   2.0000000e+00  -1.0872786e-01  -1.1230628e-01  -1.9941461e-01   3.1914371e-01   6.4030781e-01  -1.5297624e+00
   2.0000000e+00   1.0908699e+00   1.0532281e+00   1.7885786e-01  -1.0583733e-01   1.4971949e+00  -9.4712730e-01
   2.0000000e+00   1.1021641e+00  -1.6039397e+00   2.7645234e-01  -2.8658917e-01   9.7473695e-01   1.0911476e+00
   2.0000000e+00   3.1084552e-01  -1.3376373e+00   4.6532083e-01  -5.8013186e-01  -6.6857360e-01   4.1009295e-01
   2.0000000e+00   4.6195369e-01   9.9511696e-01  -8.3138568e-01  -1.0609345e-01  -9.1594126e-01   1.1271123e-01
   1.0000000e+00  -2.0190643e-01  -4.3636382e-01   1.4855980e-01  -1.5702960e+00  -3.0828238e-01   1.2793369e+00
   2.0000000e+00   1.4906748e-01  -1.0690239e+00   5.8865051e-01  -6.4461943e-01  -1.3236593e+00  -1.5345853e-01
   2.0000000e+00  -5.8046934e-01   1.0229709e+00   7.9275253e-01  -6.9656241e-02  -1.1296409e+00   6.9660933e-01
   2.0000000e+00  -5.1769247e-01  -1.3986619e+00  -5.9673846e-01  -1.7154357e+00   6.5622362e-01   2.9056735e-01
   2.0000000e+00   5.9629862e-02  -4.6441825e-01  -9.0967697e-02   1.2726214e+00  -9.0484401e-02   2.2175729e-01
   2.0000000e+00  -4.6424718e-02   7.7052909e-01  -5.0431427e-02   2.5117783e-01   1.7718584e+00   1.0172496e+00
   2.0000000e+00   1.1474937e+00   1.3437916e-01  -7.9823031e-01   8.2573928e-02   2.3672413e-01   6.6632592e-01
   1.0000000e+00  -1.9915332e+00   9.3783260e-01   1.4952090e-01  -1.0688073e+00  -1.2186081e-01  -3.9062781e-01
   1.0000000e+00  -2.2407783e+00  -2.8065642e-01   7.5769982e-01  -6.8720985e-01   8.0681892e-01  -4.8753607e-01
   2.0000000e+00  -1.7968398e-01   1.9173727e-01  -2.6506906e-01  -2.9568420e+00  -3.7538507e-01  -1.2192746e+00
   2.0000000e+00  -9.4228180e-01   4.8400944e-01  -5.1023703e-01   1.0623469e-01  -1.0188546e+00   2.2691462e-01
   2.0000000e+00  -1.5872335e+00  -1.9498769e+00  -7.2207918e-01   2.6445774e-01   9.8540521e-01   6.0245037e-01
   2.0000000e+00   2.1753658e-01   6.1143130e-03  -1.5429128e+00   9.5521982e-01   1.5551495e+00  -1.6383868e+00
   2.0000000e+00  -2.9879402e-02  -1.1192737e-01   1.0767282e+00  -1.9731937e-01   6.2611059e-01  -1.4803400e+00
   2.0000000e+00  -6.2243855e-01  -1.4212241e-01  -1.0709990e+00  -1.7783786e+00   3.9123702e-01  -1.9727033e-01
   2.0000000e+00   1.2618220e+00   1.2520126e+00  -2.9832373e+00   1.3028519e+00  -4.0746369e-01   1.4152105e+00
   2.0000000e+00  -1.8491007e+00   9.4278993e-01  -5.1147736e-01   1.2047663e+00   1.0746375e-01   1.9330270e+00
   2.0000000e+00   1.7124221e+00  -1.9229158e+00   8.7336058e-01  -3.2297742e-01   5.0158355e-02   4.2050962e-01
   2.0000000e+00   1.5926219e-01   3.3829202e-02  -7.7875028e-03  -6.9008728e-01  -6.0745561e-01  -9.3945771e-01
   2.0000000e+00  -7.5429521e-01   1.3860024e+00  -1.0407762e+00   6.6140606e-01  -2.1519860e-01  -1.0428213e+00
   2.0000000e+00  -6.0422429e-01  -3.9126725e-01  -1.4809717e+00   3.5093403e-01   1.0452119e+00  -2.0657491e-01
   2.0000000e+00   1.9072455e+00   1.5453869e+00  -1.4434272e+00  -3.9517898e-01  -1.0343066e+00   1.3337898e+00
   1.0000000e+00  -1.8115083e-01   7.7790725e-02   8.6392224e-01  -8.6251011e-01  -1.7564681e-01   5.6018202e-01
   1.0000000e+00   5.7700245e-01   2.6329144e-01   2.6464012e-01  -1.8796659e+00   7.7775508e-01  -1.8075673e-01
   2.0000000e+00  -7.1839862e-01   7.0987156e-01  -2.5210321e-01   2.1950447e+00  -5.9719893e-01   1.6766216e+00
   2.0000000e+00  -1.7516932e+00   5.0764954e-01   2.7131971e+00   7.3705186e-02   1.0300049e+00  -1.0355582e+00
   1.0000000e+00   3.5783048e-02   1.2286367e-01   2.8523470e-01  -7.0191775e-01  -1.3149362e+00  -2.9290561e-01
   1.0000000e+00   7.4982915e-01   1.2419841e-02   6.4988285e-01  -6.1000284e-01  -8.8738508e-01   6.2659002e-01
   1.0000000e+00  -1.6769504e+00   5.5591018e-01   4.8136042e-01  -1.1288702e+00   7.9400796e-01   1.2734676e+00
   2.0000000e+00   6.6248426e-01  -9.3844386e-01  -1.9541326e-01   2.7073886e-01  -4.3448795e-01   7.3189392e-01
   2.0000000e+00  -5.1321108e-01  -1.6026259e+00  -1.8852298e-01  -9.1611278e-01  -7.0907141e-01   3.9552516e-01
   1.0000000e+00  -8.6204989e-01   2.8803336e-01   8.8706203e-01  -8.7796897e-01  -9.8386426e-01   7.7519614e-01
   2.0000000e+00  -1.6225610e+00  -4.5669142e-01  -5.7080201e-01  -4.0666960e-01  -2.9576692e-02   1.2600625e+00
   1.0000000e+00  -3.0489717e-01  -2.1349591e-01   2.1422800e-01   1.0083552e+00  -9.2282370e-01   1.6029959e+00
   2.0000000e+00   2.0287347e-01   1.2147701e+00  -9.6677550e-01   5.1668247e-02  -1.0564609e+00   1.3380275e+00
   2.0000000e+00   1.5618586e+00   1.3540153e-01  -8.1302244e-01  -1.7779108e-01   3.1991032e-02  -1.5372622e+00
   2.0000000e+00  -1.3142411e+00   3.9223042e-01  -4.1384106e-01   9.1811246e-01   7.0201724e-01   8.2947436e-01
   2.0000000e+00   5.3720610e-01  -7.8815925e-01  -4.6757133e-01   2.2376776e-02   8.7305911e-02   1.3639934e+00
   2.0000000e+00   3.9882744e-01  -7.2030895e-01   1.1344267e+00   6.0944773e-01   1.5998861e-02  -4.1801510e-02
   2.0000000e+00  -7.3399782e-01   2.3848123e-01  -3.8866873e-01   8.8982153e-03  -1.1816567e+00  -4.4151243e-01
   2.0000000e+00  -2.3813107e+00  -1.5899804e+00   7.6289593e-01  -1.1494679e+00  -4.7664065e-02  -1.0247712e-01
   2.0000000e+00   5.7863844e-01   3.0584224e-01  -1.3678147e+00  -2.1915678e-01  -2.3174061e-01  -4.6254946e-01
   2.0000000e+00   5.5818714e-01  -9.0125054e-01  -1.4807065e-02   9.9420083e-01  -8.3979750e-01  -8.3471778e-01
   2.0000000e+00  -1.0584893e+00   1.7597542e+00   2.0679185e+00   2.0625628e+00   8.4774165e-01   5.7648789e-01
   1.0000000e+00   1.3378742e+00   3.6905051e-01   2.6049244e-01   1.3623409e-01  -9.3379164e-01  -1.1789358e+00
   2.0000000e+00  -1.0530704e+00  -2.8100418e+00   8.7252227e-01  -1.2107324e+00   1.2104340e+00   7.6318516e-02
   2.0000000e+00   1.6090536e+00  -1.2871321e+00   1.1163242e+00  -5.7797115e-01  -6.2577327e-01  -4.9254894e-01
   1.0000000e+00   8.5442500e-01  -3.1272683e-01   4.4567392e-01  -7.9697713e-01  -1.0292087e+00  -1.3818753e+00
   2.0000000e+00  -8.3402477e-01  -1.8164644e+00   2.6551727e-01  -1.3741198e-01   1.2145953e+00   1.0805019e+00
   2.0000000e+00   2.1013252e+00  -7.6820303e-01  -1.4426925e-01  -1.9981219e-02   2.0076350e+00   2.0698076e+00
   2.0000000e+00   1.8104007e-01   8.2963280e-01   6.4866826e-01  -1.8193185e-01  -8.2140513e-01   1.1315451e+00
   2.0000000e+00   8.2562954e-02  -6.1635364e-01  -8.5438275e-01   8.5406331e-01   5.9615537e-01  -1.1824809e+00
   1.0000000e+00  -2.4814308e-01   3.4886967e-02   7.9482764e-01   3.9700558e-01  -4.5931785e-02  -1.8008167e+00
   1.0000000e+00   3.0723088e+00   2.5170068e-01   2.7900475e-02   3.3584592e-01   2.4015436e-01   3.4662687e-01
   2.0000000e+00  -1.2096847e+00  -3.0036392e-01  -1.4009423e+00   1.4821153e+00   2.9191604e-01  -1.4672301e+00
   1.0000000e+00   2.0310939e+00   1.3914153e-01   7.0224378e-01  -1.1223908e+00  -2.6862536e-01   3.0122651e-02
   2.0000000e+00  -7.6047153e-01   2.3963693e-01   9.8824921e-01  -2.1472876e-01   8.9123170e-02  -1.0164302e-01
   2.0000000e+00   4.2782255e-01  -1.1703511e+00  -7.4392579e-02  -5.9736382e-01  -5.7258214e-01   4.4355074e-01
   2.0000000e+00  -4.6257569e-01  -6.1583577e-01  -8.7608557e-01  -9.2829522e-01  -2.5579270e-02   8.0499156e-01
   1.0000000e+00  -1.6126749e+00   7.0760289e-01   4.8636888e-01  -1.5766830e+00   5.4277991e-01   3.9955602e-01
   2.0000000e+00  -8.1790276e-01   6.4867523e-01  -8.8024606e-02  -9.4276505e-01   7.2542510e-01   7.0411628e-01
   2.0000000e+00  -2.7316001e-01  -2.3504639e+00   9.7578717e-01  -1.9645351e-01  -1.2142153e+00  -1.0066302e+00
   1.0000000e+00  -1.4100232e+00   2.5719077e-01   7.4095218e-03  -3.4102087e-01  -3.3860146e-01   8.2583935e-01
   2.0000000e+00  -1.2436909e+00   2.1499443e+00   4.6754667e-01   9.9791989e-01   1.3715246e-02  -5.5049891e-01
   1.0000000e+00  -6.0436126e-01   6.0732606e-01   7.2029504e-02   5.7969748e-03  -6.1284474e-01  -3.9478708e-01
   2.0000000e+00  -1.2980251e+00   4.9012993e-01  -2.0229712e-01  -5.9503400e-02  -7.0767566e-02   2.3807871e+00
   2.0000000e+00  -2.8999653e-01  -1.7728614e+00  -9.1232481e-02   3.2990175e-01   9.8482916e-01  -9.9273942e-02
   1.0000000e+00   2.1138422e-01   7.3096014e-01   2.0788800e-01  -2.1625101e+00  -1.1050967e+00   2.8494356e-01
   2.0000000e+00  -1.0567658e+00  -1.3372467e+00   1.4280802e+00  -7.7259201e-01  -8.0178203e-01  -3.9191426e-02
   2.0000000e+00   2.4617782e+00   1.2142993e+00  -8.8956983e-01   6.0840413e-01   6.8174128e-01  -4.6157381e-01
   2.0000000e+00  -1.8312080e+00  -1.7261536e+00  -4.7197101e-01  -1.4406340e+00  -1.6490034e+00   1.5864433e-01
   2.0000000e+00   1.6547346e-01  -1.9245466e+00  -2.1447815e-01  -3.9621560e-01   8.6881709e-01  -7.1779209e-01
   2.0000000e+00   5.6399287e-01  -4.3255004e-01  -9.4918112e-01   4.8623135e-02   1.0514399e-01   7.0001714e-01
   2.0000000e+00  -6.8145761e-01  -1.0179873e+00   2.3966730e+00   3.1462051e-01  -4.7143956e-01  -5.3628015e-01
   2.0000000e+00  -1.5048579e-01   1.3561688e+00  -4.5897560e-02   4.2633962e-01   3.1249824e-01  -7.3836482e-01
   1.0000000e+00   4.7838368e-01  -3.4459063e-01   6.2410331e-01   1.6247641e+00   1.5099419e+00   1.1861728e+00
   2.0000000e+00  -1.4957973e-01   4.9776071e-01   2.0939550e+00  -2.0052123e-01  -3.4029726e-01   1.5241347e+00
   2.0000000e+00  -3.1343970e-01  -1.4106018e+00   2.7779027e-01   6.7164324e-01  -9.6564605e-01  -6.1982838e-01
   1.0000000e+00  -1.5117472e+00  -3.1137446e-01   3.4515723e-01   1.6162882e+00  -5.5949703e-01  -6.3499286e-01
   2.0000000e+00   2.5084717e-01   8.7431617e-01  -1.0919627e-01  -3.3999362e-01   1.5967908e+00   4.3441073e-01
   2.0000000e+00  -9.6304643e-01   1.4762667e+00  -1.0973850e+00   1.3961716e+00   2.8675492e-01  -2.0742046e+00
   1.0000000e+00  -1.0238562e-01  -5.2539346e-01   1.1731314e-01  -1.2048956e+00   2.9456083e-01   1.5619968e+00
   1.0000000e+00  -7.4243210e-01   1.5540715e-01   4.1325983e-01   1.1209671e+00   3.2767882e-01   1.2417468e+00
   2.0000000e+00   9.6498204e-01   7.3430143e-02   1.2934287e+00  -2.0830861e+00   8.1770418e-01   2.0573238e+00
   2.0000000e+00   4.2396927e-01  -8.1827761e-01   1.0362240e+00   6.8409654e-01  -2.1428073e-01   6.8947478e-01
   2.0000000e+00  -1.0494556e+00  -1.0341329e+00   2.3367049e+00   1.3263160e+00   4.3511549e-01  -1.8637048e+00
   2.0000000e+00  -1.5246118e+00  -7.0518755e-01  -1.9755825e+00   3.7280568e-01   3.4878965e-01  -6.6031301e-01
   1.0000000e+00   3.2879690e-01   5.2960882e-01   6.0885984e-01  -2.3340554e+00   4.9209338e-01   5.6515386e-01
   1.0000000e+00  -8.4069820e-01   7.9700309e-01   5.8226007e-02  -1.4251949e+00   1.7524135e+00  -5.4971136e-01
   2.0000000e+00   7.0921855e-01   1.1559565e+00  -7.5149919e-01   5.2432786e-01   1.5385725e+00   4.8471303e-02
   2.0000000e+00   1.3891890e-01  -6.2508588e-01  -6.6854306e-01  -7.0596328e-01   3.5174242e-01   3.6380469e-01
   2.0000000e+00  -1.5696287e+00  -5.9949186e-01  -2.5761777e-01  -1.2572433e+00   7.3498880e-01  -2.3492371e+00
   2.0000000e+00  -1.1126426e+00   1.4120482e+00   5.9723708e-01   6.0604433e-01   8.5005525e-01   1.6144084e+00
   2.0000000e+00   5.2204020e-01   1.3734778e+00   9.0866299e-01  -1.3826913e+00  -8.1725323e-01  -1.2921647e+00
   2.0000000e+00   7.6492815e-01   1.0653885e+00  -4.3848259e-01  -1.7741866e+00   1.2854107e+00  -9.5560586e-01
   2.0000000e+00   6.6793394e-01   1.4918025e-01  -9.3570192e-02  -9.6937667e-01   1.7805930e+00   1.0049282e+00
   1.0000000e+00   9.5435654e-01   3.6610220e-01   4.4889310e-01   9.7044613e-01  -5.0659520e-01   6.5171866e-01
   1.0000000e+00  -1.0461936e+00  -8.4247402e-02   1.7239187e-01  -8.6903180e-01   1.0412947e+00  -2.5399871e-01
   1.0000000e+00   6.4056747e-01   2.6603706e-01   3.0830680e-02  -1.0460630e+00  -4.9239391e-01  -4.1526412e-01
   2.0000000e+00   1.1425789e-01   8.6036972e-01   8.3660476e-01  -6.3826564e-01  -9.4479639e-01   1.1432640e+00
   2.0000000e+00  -3.3018946e-01   6.9577687e-01  -2.3462910e+00   7.1383299e-01  -8.9378370e-01  -1.6483121e+00
   1.0000000e+00   6.6217618e-01   6.7548722e-01   3.7621140e-01   2.1169197e-01   7.8823424e-01   1.8479390e+00
   2.0000000e+00   5.3876732e-03  -1.7175785e-02  -1.0657511e+00  -7.2741853e-01  -5.9514880e-01  -7.7444547e-01
   2.0000000e+00  -2.2709776e-01   1.1101338e+00  -2.9751005e-01  -1.0237146e+00   1.8269614e-01  -6.6027093e-01
   2.0000000e+00   2.0379290e-01   1.1183514e+00   1.2498152e+00   4.2388568e-01   3.7916336e-01  -6.2398713e-01
   1.0000000e+00   8.9947330e-01   3.8572242e-02   4.0256492e-01  -1.0416648e+00   6.9693657e-01  -1.3349858e+00
   2.0000000e+00  -2.4271135e+00  -3.6416568e-01   1.2999678e+00  -6.8968765e-01  -5.2403593e-02   5.4441584e-01
   2.0000000e+00  -3.1569015e-01   1.4070545e+00   1.4119677e-01  -6.8394226e-01   9.8553234e-01   1.9048536e-01
   2.0000000e+00  -2.4351786e-01   3.2478260e-01  -1.3070548e-01  -6.1128934e-01  -4.1530617e-01  -1.7311614e-01
   2.0000000e+00  -1.5323634e+00  -1.5794788e+00  -1.3862380e+00  -1.0499195e+00  -1.2351947e+00  -9.3418964e-01
   2.0000000e+00   5.7739119e-01  -8.6278623e-01  -3.4703127e-01  -2.7037423e-01   1.1841678e-01   1.6216784e-01
   2.0000000e+00   1.3403378e+00  -1.7978072e+00  -1.4142498e-02  -2.6958010e-01   1.7410739e+00   1.6505775e-01
   2.0000000e+00   2.3904315e-02  -1.2102374e+00  -1.0224919e-01   3.2472306e-01   7.6341766e-01  -3.6988187e-01
   2.0000000e+00   1.2963613e+00   1.0738097e+00  -1.7041805e-01  -9.2801551e-01   1.3048242e-01   1.9121667e+00
   2.0000000e+00   6.4465098e-01  -1.4179381e+00  -6.7174532e-01  -8.6254195e-01   9.0476309e-01  -1.2247292e+00
   2.0000000e+00   1.2680866e-02   2.7886341e-01  -1.0547242e+00   1.7570782e+00   5.2107848e-01  -1.7038368e+00
   2.0000000e+00   3.3407091e-01   1.1157453e+00  -1.6222929e-01  -9.2682811e-01  -2.4081947e-01   2.3644221e-01
   2.0000000e+00   2.3363339e-01   1.3199964e+00   7.9226034e-01   9.7436754e-02   5.1581588e-02   5.7271210e-01
   2.0000000e+00   8.6832016e-02   1.2110797e+00  -2.9412977e-01  -2.2674069e+00   5.6960035e-01   2.1176150e-01
   2.0000000e+00  -8.1969694e-01  -8.5316262e-01  -2.9055887e-01  -2.2097492e-01  -1.2812273e+00   2.8613975e-02
   1.0000000e+00   2.2474170e-01  -8.4175358e-01   2.9670944e-02   5.6773167e-01  -4.7259636e-02   1.7652951e+00
   2.0000000e+00   6.6404249e-01   1.0291059e+00   7.2967618e-02   1.8303832e-01  -2.3591272e-01   7.8396917e-01
   2.0000000e+00  -1.1781370e+00  -4.7677454e-01  -8.8406986e-01   1.8667401e+00  -2.4434092e-02   4.5209679e-01
   2.0000000e+00   5.2627098e-01  -3.6559279e-02  -3.6058711e-01   3.1437037e-02  -1.1871587e+00   6.1679111e-01
   2.0000000e+00   7.3330916e-01   9.2266430e-01  -1.8656877e-01   1.2853780e+00   1.9974205e+00  -2.9483411e-01
   2.0000000e+00  -4.7005463e-01  -4.4101331e-01  -1.8831775e+00   9.1266480e-02   5.8581354e-01   1.4386478e-01
   2.0000000e+00  -6.1260492e-01   8.1715458e-01  -1.1581009e+00   1.0446442e+00   6.7371883e-01   7.4798770e-01
   1.0000000e+00   1.5605243e+00   3.2310357e-01   4.1007486e-03  -3.7281698e-01   2.0034521e+00   1.2331711e+00
   2.0000000e+00  -1.1174188e+00   1.0495181e+00   1.1291447e+00   1.8795703e+00  -8.8747298e-01   1.1841043e+00
   2.0000000e+00   2.0882920e+00  -9.6547734e-01  -1.3650036e+00   1.6536708e-01   1.0204120e+00   6.5261177e-01
   2.0000000e+00  -3.1399174e-01  -1.0986948e+00  -7.8838756e-01  -5.1644176e-01  -1.1462938e+00  -7.1738757e-01
   2.0000000e+00  -1.4782238e-01   9.5730067e-01  -1.5877257e+00   8.5885908e-01   3.9962883e-01   9.1531711e-01
   2.0000000e+00   2.3484131e-01   7.0991924e-01  -7.4685461e-01  -3.8187963e-02   5.4567880e-01  -1.2678740e+00
   2.0000000e+00   1.4554244e+00  -1.1387092e+00   1.2072254e-01  -9.5593516e-01  -7.5681631e-02  -3.0146648e-01
   2.0000000e+00   8.5260275e-01  -2.0030731e-02  -1.0257242e+00   1.0039393e+00  -1.6587215e+00  -6.9169352e-01
   2.0000000e+00   7.0226374e-02   1.0147064e+00  -6.5431197e-02   6.2776023e-01  -1.8152361e+00  -1.6800662e+00
   2.0000000e+00  -1.5651022e+00  -7.5000379e-01   2.2245666e+00  -1.0704407e-01  -2.9349014e-01   8.7166008e-01
   2.0000000e+00  -1.9913941e+00  -2.7548699e-02  -5.3048195e-01  -9.8786154e-02   1.0358624e+00   7.0099855e-01
   1.0000000e+00   4.9078389e-02   1.8149668e-01   3.8933291e-01   2.4795781e-02  -1.3483339e+00   1.4877321e+00
   2.0000000e+00  -8.4129083e-01  -1.1877547e+00  -1.9762799e-01   3.0781306e-01  -1.2161542e+00  -1.5662672e+00
   2.0000000e+00   1.6361867e+00  -7.4515683e-01   2.4882769e+00  -5.6464880e-01   3.8086526e-01  -4.6863403e-01
   2.0000000e+00   1.0139799e+00  -7.9582666e-01  -3.0247189e-01  -1.1941398e+00   1.2056785e+00   8.2571378e-01
   2.0000000e+00   1.5962265e-01  -4.6151339e-01  -1.5124668e+00  -7.4335312e-01   4.0879210e-01   1.1544829e+00
   2.0000000e+00   6.6563791e-01   1.0291504e+00  -1.3842254e+00   2.4747455e-01   9.3935421e-02  -8.6590050e-03
   2.0000000e+00  -4.6575803e-01  -1.5755495e+00  -2.1441567e-01  -3.2745236e-01  -1.8026938e+00  -2.7951292e-01
   2.0000000e+00  -1.7490112e+00   5.3191235e-01  -7.4174078e-01  -5.3019683e-01   1.6424881e+00   5.6105601e-01
   2.0000000e+00  -2.2627034e+00   3.2125212e+00   1.1655865e+00  -6.1719674e-01  -2.0243225e+00   1.7597417e+00
   2.0000000e+00  -1.7323609e+00   1.2241901e+00  -9.8728340e-02   1.3350857e+00  -1.1158896e+00  -8.7518925e-01
   1.0000000e+00   6.2059954e-02  -4.0102807e-01   7.7426839e-01  -6.2659157e-01  -1.4127255e-01  -1.0560334e+00
   2.0000000e+00   2.1988440e+00  -6.3703546e-01  -1.0276968e+00  -7.8292831e-01   1.3454935e+00   5.8947428e-01
   2.0000000e+00  -5.5902764e-01  -4.1830315e-01   9.4125957e-01  -1.1661626e+00  -1.7680248e+00  -6.7487954e-01
   2.0000000e+00   1.3472718e-01   1.0051903e+00  -6.7609479e-01  -7.8805806e-01   1.4155080e+00  -1.6688758e+00
   2.0000000e+00   1.4472795e+00  -2.8405883e-01  -5.9138206e-02  -1.4817761e+00  -2.2383532e-01   1.2145373e+00
   2.0000000e+00  -2.7291937e-01  -1.4102808e+00  -7.4668309e-01   7.6711500e-01   2.7011199e-01   1.3809832e+00
   2.0000000e+00   1.5145511e+00  -8.9489394e-01   1.2047936e+00  -3.7765823e-01   8.6690786e-01   2.0162788e-01
   2.0000000e+00  -5.5988910e-01  -1.4857678e+00   6.1705893e-01   5.7684646e-01   2.0583473e-01   1.3202937e+00
   1.0000000e+00  -1.1300394e+00   5.4791726e-01   3.4919941e-01  -5.8831120e-01  -1.4848086e+00   1.8603797e-01
   2.0000000e+00   3.4857207e-01   1.5970015e-01  -1.9363442e-01  -2.5451396e-02   1.7891906e+00   1.1999787e+00
   2.0000000e+00  -6.7102078e-01   1.9732509e+00  -1.8190773e+00  -1.4851929e+00  -1.2189629e+00   3.2603947e-01
   2.0000000e+00  -5.3780929e-01   2.3933655e+00  -5.5308539e-01   9.9530478e-01  -2.2958506e+00  -6.5879675e-01
   1.0000000e+00  -1.2011935e+00   3.9106966e-01   8.7293800e-02   8.6569468e-01   1.3108758e+00  -5.7177109e-01
   2.0000000e+00   1.4073903e+00  -8.1940118e-01   9.9422021e-01  -6.5652048e-01  -6.6623483e-01   6.3078784e-01
   2.0000000e+00  -6.2177733e-01   4.6077410e-01  -1.4341547e+00   1.1268088e+00  -1.3954676e+00   1.1580637e+00
   2.0000000e+00   1.5117502e+00   1.4300335e+00  -4.4898493e-02  -9.9502125e-01   1.8934281e-01   2.4829759e+00
   2.0000000e+00   3.9238451e-02  -9.2402630e-01  -6.9640568e-01  -6.3229890e-02   7.6130935e-01  -4.0916927e-01
   2.0000000e+00  -1.0809038e+00   6.9013938e-01  -4.5610837e-01   1.5012666e+00   4.2150615e-01  -7.7317729e-02
   2.0000000e+00  -4.8916839e-01  -9.2206222e-01  -1.5329323e+00   2.4390763e-02  -3.0094744e-02  -1.2669899e+00
   2.0000000e+00   1.2357130e+00   8.6991792e-01   5.7656072e-01  -5.6223757e-01   6.0253544e-01   3.2814821e-01
   2.0000000e+00   8.6272541e-01  -1.5623998e+00   6.1896976e-01   3.0624762e-01  -4.1848296e-01  -1.0797784e-01
   2.0000000e+00   3.7353739e-01   5.2296768e-01  -1.2002943e+00   9.9241543e-01  -5.0540833e-01   7.5082074e-01
   1.0000000e+00  -1.4991803e+00  -3.5083460e-01   1.5376760e-01  -6.0409361e-01   9.8378932e-01  -1.6502941e+00
   1.0000000e+00  -2.1709988e+00   1.4702229e-01   3.8758381e-01  -1.0629615e+00  -6.8264751e-01   9.5707025e-01
   2.0000000e+00   1.0181182e-01   5.1984782e-01  -1.0337250e+00  -2.6714751e+00   1.0745833e+00  -1.0039291e+00
   1.0000000e+00   7.3198010e-01   7.5926791e-01   2.8685122e-01   1.3508026e+00  -6.3498362e-01  -3.3860389e-01
   2.0000000e+00   1.0472744e+00  -1.0387360e-01  -3.9743655e-02   3.5724148e-01  -9.9479698e-01  -6.5556391e-01
   1.0000000e+00  -4.4754683e-01  -2.7440845e-01   8.4298507e-01   2.8304586e-01  -7.6432346e-02  -2.7068971e-01
   2.0000000e+00  -6.4798433e-01   3.7264475e-01  -4.6926591e-02  -3.7869116e-01   1.2153215e+00  -1.7100274e+00
   2.0000000e+00   2.3481787e-01  -4.8358113e-02   1.4300691e-01   2.6068184e-01  -6.2004817e-01  -2.5048008e+00
   1.0000000e+00   3.8160353e-01   6.6711469e-01   5.3978938e-01  -7.0990990e-01  -1.4296636e+00  -1.7137082e+00
   2.0000000e+00  -1.4558314e-01   4.3137718e-01  -1.5959209e-01  -5.1444048e-01  -1.3771875e+00  -8.6190379e-01
   2.0000000e+00  -7.5359236e-01   2.0059348e+00   2.4994814e+00  -1.0042559e+00  -8.6304932e-01   3.6386786e+00
   2.0000000e+00  -2.9818818e-01   2.4087474e-01  -1.2698345e-01   3.3346164e-01  -6.8171075e-01   1.5831766e-01
   1.0000000e+00   2.0335900e-01  -1.6705222e-01   1.2477487e-01   5.8650225e-02   5.7911755e-01   1.1012045e+00
   2.0000000e+00  -8.2664771e-02   6.3089159e-02  -5.5554279e-01  -2.2183339e+00   4.2927902e-01  -3.1095506e-01
   2.0000000e+00  -1.1983301e+00  -3.6129058e-01   1.6423344e+00  -3.7961758e-01  -5.6631826e-01  -1.8309296e+00
   1.0000000e+00  -6.8485958e-01  -8.8227317e-01   8.1366767e-02   3.7965418e-02   7.4145748e-01  -9.9717203e-01
   2.0000000e+00   1.3103849e+00   1.9630268e-01   1.1963393e+00   1.4968991e-01   3.8304455e-01  -1.0990543e+00
   2.0000000e+00  -3.0161546e+00   8.3703732e-01   1.0588317e+00  -4.0123487e-01   1.3408401e-01   1.1670454e+00
   1.0000000e+00  -2.7473097e+00  -2.6879653e-01   4.0281686e-01  -1.9755924e+00  -1.8314687e+00  -2.9152332e-01
   2.0000000e+00  -1.0244955e+00  -6.9237024e-01  -2.1248542e+00  -8.6435164e-01  -7.3695242e-01   5.4065884e-02
   2.0000000e+00  -2.7853413e-01  -6.0255687e-01   1.8297400e+00  -6.1757073e-01  -2.2073445e-01   2.5652763e-01
   2.0000000e+00   1.4733905e+00  -1.3017175e+00  -7.7628677e-02  -5.5139570e-01  -2.1234266e-01  -1.6618457e+00
   2.0000000e+00  -5.0575972e-01   7.6804526e-01  -1.2344703e+00  -1.2759802e-01  -1.3874782e+00   2.2367773e-01
   2.0000000e+00   9.0639316e-01   5.0429504e-01   1.5516311e+00  -4.3562133e-01  -6.4878256e-01   1.1017912e-01
   2.0000000e+00  -1.3918100e+00  -1.7414588e+00  -7.4974038e-01  -3.5024267e-02   2.2805015e-01   5.6495088e-01
   2.0000000e+00   3.7471545e-01  -1.8808489e+00  -1.9322470e-01  -2.5030124e-01   9.3328235e-02   3.7472430e-01
   2.0000000e+00  -7.9784148e-01   3.0113296e-01  -4.4194231e-01  -5.2946978e-01  -1.7600339e+00  -1.9604467e+00
   1.0000000e+00   6.6611562e-01   1.0933231e-01   4.2058814e-01   8.6798864e-01  -3.0290793e-01  -1.0186585e+00
   2.0000000e+00  -9.1190114e-01   7.9481685e-01   6.1123991e-01   7.1104234e-01  -3.1015944e-01   7.1794914e-01
   2.0000000e+00   8.6095630e-01   1.0679984e+00  -1.0795703e+00   1.3227126e+00   9.4118404e-01  -1.6990046e+00
   2.0000000e+00   1.0101262e+00  -1.4804488e+00  -1.1630026e+00   8.7837078e-01   3.4965206e-01  -1.9659894e+00
   2.0000000e+00   1.6769898e+00   1.7599433e+00   1.0300332e+00  -1.6699142e+00  -9.7151421e-01   6.7813574e-01
   2.0000000e+00   4.3663603e-01  -2.6141010e-01  -2.0284127e-01   8.2470385e-01   4.7403216e-01   1.1426144e+00
   2.0000000e+00   1.0362789e+00   3.7787249e-01   9.5661083e-01   2.4025836e+00  -8.3801807e-01   7.5514933e-01
   2.0000000e+00   2.4761162e+00  -1.0895521e+00  -1.1367551e-01  -6.0544258e-01  -1.5908805e+00  -7.5422244e-01
   2.0000000e+00   3.3207099e-01   7.5280939e-01   1.0721469e+00  -1.3653584e+00   2.4608520e+00  -6.7125601e-01
   2.0000000e+00  -1.0918151e+00   5.2004996e-01  -3.3638888e-01   1.0029336e+00   4.7028796e-01   4.4037038e-01
   2.0000000e+00  -9.4133081e-02   2.8598543e+00   4.6082208e-01  -2.1072053e-01   3.7615517e-01  -1.3278237e+00
   1.0000000e+00   5.6277870e-01  -9.3043431e-02   2.0343584e-02  -2.4910671e-02   4.2683294e-01  -6.9068452e-01
   2.0000000e+00  -3.1250839e-01  -2.9446900e-01  -1.1353980e+00  -4.7054660e-01   1.1670354e+00   6.8915823e-01
   1.0000000e+00   4.5134024e-01  -6.0775170e-01   4.8756151e-01   3.3151739e-01   2.6108313e+00  -2.2369164e-01
   2.0000000e+00   2.4200265e-02  -1.4271912e+00   2.2408329e-01   4.7504699e-01  -6.7873699e-01  -1.5571307e+00
   2.0000000e+00  -3.3887484e-01  -1.4280946e+00  -4.5484591e-01   1.7991304e+00  -3.2082371e-01   1.3245305e-02
   2.0000000e+00   4.2797351e-01   4.2085735e-01   1.2367166e+00  -9.9530643e-02  -3.5945486e-01  -1.2840623e+00
   2.0000000e+00   1.1359363e+00  -7.7231561e-01  -2.3525994e+00  -1.2671258e+00  -4.5058301e-01  -1.6456777e+00
   2.0000000e+00   1.6084299e-01   1.0183420e+00  -1.0566867e+00  -5.7505468e-01   2.2156024e-01   9.6757975e-01
   2.0000000e+00  -3.9229037e-01  -6.6220875e-01  -5.0047854e-01   6.2139275e-01   1.1327078e+00  -1.0911585e-01
   2.0000000e+00   8.6626405e-02   1.9738953e+00   1.7884577e-02   7.6947694e-01  -1.6701252e-01  -1.1008111e+00
   2.0000000e+00  -1.4282076e+00   7.1434426e-01   2.4812072e+00   1.5572345e+00   9.4212952e-01  -7.6017684e-01
   2.0000000e+00  -2.4823627e-01   8.2607562e-01  -7.2989736e-01  -6.7830526e-01  -8.2727242e-01   5.7494727e-01
   2.0000000e+00   6.5123317e-01  -1.3932833e+00  -8.1958897e-01  -2.0572732e-01  -6.2898049e-01   1.2572036e+00
   2.0000000e+00   3.8176036e-02  -6.2402578e-01  -1.9997178e+00  -1.6795190e-01   1.2667920e+00  -9.7309389e-01
   2.0000000e+00  -3.8999796e-01   2.7082224e-01  -9.3904291e-01  -9.6760526e-01  -7.2258468e-01  -5.4226818e-01
   2.0000000e+00   1.4460854e+00  -1.2786327e+00  -1.8456269e+00  -6.3384381e-01  -9.3348226e-02  -8.3199753e-01
   2.0000000e+00  -3.1952630e-01  -8.2997064e-01  -1.5700013e+00  -3.0137808e-01   1.7285598e-01   4.9532167e-01
   1.0000000e+00  -1.1602422e+00   1.4476428e-02   5.2581952e-02   2.2290882e-01  -7.0992707e-01  -4.3305778e-01
   1.0000000e+00   5.3727570e-01   3.0364770e-01   9.3400479e-01  -1.1267914e+00   7.0085920e-01   5.9378126e-02
   2.0000000e+00  -1.1271616e-01   6.1895100e-01  -5.0744913e-01  -4.3661863e-01   7.5009873e-02  -2.1014512e+00
   2.0000000e+00  -1.4408600e-02  -1.6437410e+00   6.9443128e-01  -9.8079898e-01   6.0738353e-02  -1.4067835e+00
   2.0000000e+00  -3.6612945e-01   1.5656667e+00   5.1243131e-02   1.3460004e+00   1.5009391e+00   1.2875386e-01
   2.0000000e+00   1.3560653e+00  -1.5455932e+00  -1.1101824e+00  -1.3811590e+00   1.0092914e-01   1.1512515e+00
   1.0000000e+00  -2.7748043e-01  -4.1697425e-01   8.2611266e-01   6.3484258e-01   3.0330701e-01   1.1866971e+00
   2.0000000e+00  -1.0268648e+00   1.1795406e+00   9.6444453e-01  -6.6053262e-01   7.9557162e-01   9.4866192e-01
   2.0000000e+00   4.3461966e-01   1.4834843e-01  -3.0842109e-01   3.4764022e+00  -2.6927440e+00   1.2976502e+00
   2.0000000e+00   3.3309974e-01  -1.1720498e-01   1.0285294e+00  -8.7695030e-01  -2.8036092e-01  -2.0342744e-01
   1.0000000e+00   6.7194456e-01  -6.7223996e-01   4.4434277e-01  -5.3265009e-01   1.5220272e+00   4.1427433e-01
   2.0000000e+00   1.5142648e+00  -4.9142147e-01   4.8283618e-01  -4.2833689e-01   1.9043294e-01   2.8116962e+00
   2.0000000e+00   7.0601840e-01  -1.1444666e+00   5.1025580e-01  -2.2522346e-01  -1.2744283e+00  -1.0248067e+00
   2.0000000e+00   1.0624840e+00   6.4295464e-01   1.2649945e+00  -5.5795949e-01  -2.3033873e+00  -6.5267591e-01
   1.0000000e+00  -1.2448867e+00  -1.1391994e-01   9.6936004e-01  -4.8126666e-01  -8.2174806e-01   5.3645116e-01
   2.0000000e+00   2.2300560e+00  -6.1175539e-01   2.7281802e+00  -8.0107707e-02  -1.0277292e+00  -6.3703225e-01
   2.0000000e+00   3.2046077e-02   1.0302273e+00  -1.5737059e-02   7.8339912e-01  -1.1364418e+00  -2.4457152e+00
   1.0000000e+00   7.4770344e-01  -3.2440950e-01   4.2875374e-01  -2.8638709e-01  -7.5481877e-01   5.7791915e-01
   2.0000000e+00  -1.5893383e-02   8.0799577e-01  -1.6738806e-01   1.5186584e-01   1.7919384e-01  -2.5292472e-01
